4.061	30.72	29	281	126	4121	96.38	0.493	-1.903	28.479	18.967	2.121	0.471	48.774	-122.483
5.238	21.2	71	19	18	1500	77.18	0.775	-1.301	23.922	12.029	1.165	0.858	48.496	-122.622
5.639	37.59	60	36	28	2121	56.12	0.813	-1.499	27.721	13.999	1.317	0.759	48.528	-122.236
3.455	34.11	23	84	42	3707	90.601	0.783	-1.606	23.905	15.359	1.293	0.773	48.51	-122.037
4.582	29.33	13	12	14	1500	90	0.73	-1.174	30.518	10.613	1.14	0.877	48.441	-122.325
7.011	13.93	67	148	74	3535	60.865	0.365	-1.819	24.074	17.658	1.716	0.583	48.117	-123.462
0.876	48.64	373	33	28	1707	148.473	0.478	-1.43	23.724	13.42	1.375	0.727	48.343	-122.045
5.916	23.86	56	120	58	4121	153.167	0.624	-1.729	21.039	16.801	1.494	0.669	48.237	-122.479
5.696	19.38	56	49	46	1500	28.198	0.262	-1.517	23.964	14.403	1.854	0.539	48.319	-122.66
3.415	34.68	87	19	18	1500	102.821	0.775	-1.259	26.985	11.422	1.165	0.858	48.286	-122.298
7.387	13.81	52	12	14	1500	90	0.73	-1.174	24.553	10.613	1.14	0.877	48.091	-123.164
3.023	20.49	30	24	20	1500	90	0.655	-1.468	23.277	13.368	1.152	0.868	48.028	-122.772
2.174	22.05	118	82	54	2121	96.65	0.633	-1.634	24.456	15.641	1.683	0.594	48.023	-122.483
2.762	48.78	706	28	24	1707	157.045	0.586	-1.391	30.708	12.875	1.28	0.781	48.897	-117.344
2.93	19.73	293	24	22	1500	90	0.356	-1.532	44.45	13.76	1.267	0.789	48.413	-119.516
6.241	35.98	495	50	32	2500	17.669	0.564	-1.518	35.339	14.423	1.277	0.783	48.602	-118.063
0.593	55.63	113	18	18	1500	0	0.478	-1.312	22.457	11.921	1.197	0.835	47.459	-124.127
0.195	53.28	66	16	16	1500	90	1	-1.323	19.09	11.919	1.129	0.886	47.369	-124.281
0.887	29.54	1017	23	22	1500	59.467	0.59	-1.425	33.993	12.934	1.294	0.773	48.368	-118.883
0.614	24.44	153	15	16	1500	90	0.577	-1.227	26.206	11.167	1.166	0.858	47.579	-122.871
0.618	42.53	528	18	18	1500	113.109	0.72	-1.312	23.432	11.921	1.197	0.835	47.421	-123.422
0.84	12.99	371	20	20	1500	163.881	0.549	-1.384	40.96	12.384	1.262	0.792	48.121	-119.746
2.569	26.56	643	27	24	1500	108.484	0.568	-1.593	32.851	14.294	1.303	0.767	48.57	-116.395
4.172	8.76	379	15	16	1500	90	0.577	-0.821	37.258	8.381	1.166	0.858	47.895	-120.143
2.103	11.01	899	23	20	1500	83.839	0.653	-1.4	30.692	12.897	1.177	0.85	47.783	-120.689
4.578	28.48	538	12	14	1500	0	0.73	-1.148	35.177	10.272	1.14	0.877	48.299	-117.713
2.507	27.27	794	14	16	1500	135	0.742	-1.143	32.198	10.643	1.207	0.829	48.487	-115.882
5.407	37.07	128	80	56	2500	122.949	0.266	-1.655	24.553	15.78	1.767	0.566	47.538	-121.852
0.201	13.22	719	39	26	2500	111.788	0.788	-1.605	34.459	14.787	1.175	0.851	47.723	-120.436
2.146	21.2	56	55	36	2500	99.301	0.463	-1.577	27.314	14.978	1.37	0.73	47.192	-123.105
3.454	35.17	640	28	24	1500	96.708	0.438	-1.394	30.371	12.828	1.28	0.781	48.273	-116.574
2.5	8.94	344	60	40	2500	107.1	0.473	-1.601	34.73	15.141	1.457	0.686	47.588	-120.654
2.767	28.88	621	21	22	1500	104.517	0.404	-1.296	32.553	11.932	1.355	0.738	48.196	-117.045
0.624	69.66	1240	20	20	1500	73.881	0.549	-1.304	22.526	11.937	1.262	0.792	47.401	-121.661
4.119	23.53	1110	86	58	2121	126.715	0.67	-1.73	37.291	16.541	1.765	0.567	47.946	-118.478
1.269	18.92	47	15	16	1500	0	0.577	-1.152	25.541	10.627	1.166	0.858	47.091	-123.027
1.743	64.33	562	12	14	1500	0	0.73	-1.063	21.977	9.639	1.14	0.877	47.336	-121.777
5.343	29.07	653	12	14	1500	0	0.73	-1.113	34.117	10.175	1.14	0.877	48.409	-115.568
5.676	26.09	32	36	32	1500	66.401	0.354	-1.487	27.724	13.91	1.505	0.665	47.006	-123.404
4.095	29.39	6	33	24	2500	57.158	0.86	-1.578	25.305	14.41	1.179	0.848	46.964	-123.611
2.646	33.31	9	12	14	1500	90	0.73	-1.174	23.894	10.613	1.14	0.877	46.949	-123.759
1.498	35.2	55	33	26	1500	4.889	0.416	-1.578	19.382	14.41	1.277	0.783	46.808	-124.079
4.034	29.32	761	36	28	2121	145.359	0.911	-1.57	34.846	14.474	1.317	0.759	48.31	-115.527
3.164	28.67	791	29	24	1707	39.815	0.688	-1.465	36.861	13.387	1.258	0.795	48.312	-115.316
0.044	36.25	43	12	14	1500	90	0.73	-1.148	20.696	10.272	1.14	0.877	46.75	-124.045
2.172	23.85	650	12	14	1500	90	0.73	-1.113	40.118	10.175	1.14	0.877	47.955	-117.479
4.415	34.82	1144	130	72	3121	120.424	0.387	-1.633	42.64	16.134	1.782	0.561	48.646	-112.326
0.856	33.49	112	15	16	1500	135	0.872	-1.227	25.144	11.167	1.166	0.858	46.794	-123.743
2.527	28.83	1039	18	18	1500	0	0.791	-1.319	34.433	12.062	1.197	0.835	48.309	-114.996
6.918	16.33	55	27	22	2121	97.191	0.795	-1.485	27.332	13.581	1.195	0.837	47.016	-122.872
2.52	35.14	1033	15	16	1500	135	0.872	-1.168	30.7	10.57	1.166	0.858	48.199	-115.481
7.957	39.84	937	41	28	2500	164.507	0.642	-1.515	31.873	14.165	1.234	0.81	48.367	-114.2
8.266	97.85	143	15	16	1500	45	0.872	-1.289	25.134	11.626	1.166	0.858	46.69	-68.023
3.839	21.17	107	78	50	3500	18.906	0.593	-1.69	30.541	16.036	1.597	0.626	46.939	-122.585
7.652	18.65	55	12	14	1500	90	0.73	-1.174	26.468	10.613	1.14	0.877	47.547	-122.28
2.292	16.57	572	21	20	1500	4.448	0.632	-1.463	40.748	13.153	1.231	0.812	47.824	-117.591
0.9	8.14	217	22	20	1500	102.557	0.635	-1.345	43.62	12.309	1.203	0.831	47.382	-120.241
3.765	20.07	211	37	32	1707	135.957	0.439	-1.398	28.315	13.271	1.484	0.674	46.879	-122.792
5.017	25.98	753	72	44	2707	162.082	0.451	-1.499	35.473	14.315	1.463	0.683	47.93	-116.756
2.385	32.96	14	59	46	1707	169.971	0.42	-1.446	24.855	13.934	1.69	0.592	46.672	-123.729
8.205	16.37	53	55	42	1500	148.208	0.372	-1.402	28.395	13.383	1.598	0.626	46.822	-123.038
0.55	34.47	1059	62	40	2500	128.82	0.489	-1.591	23.45	15.027	1.433	0.698	47.098	-121.501
3.124	38.34	1492	27	24	1500	126.65	0.613	-1.528	32.401	13.903	1.303	0.767	48.188	-114.753
4.379	13.34	639	834	256	7777	174.255	0.355	-1.959	30.671	20.476	2.501	0.4	47.193	-120.997
1.067	16.39	687	27	22	1707	16.275	0.735	-1.434	35.103	13.108	1.195	0.837	47.836	-116.827
1.981	19.11	729	80	42	3500	1.36	0.806	-1.651	31.509	15.77	1.325	0.755	47.843	-116.748
3.748	23.82	187	49	32	2500	98.932	0.522	-1.587	25.562	14.76	1.29	0.775	46.872	-122.309
4.998	37.84	902	66	38	3121	150.364	0.75	-1.658	36.387	15.619	1.32	0.758	48.206	-114.303
2.27	20.08	133	117	74	2500	90.541	0.332	-1.596	25.97	15.83	1.93	0.518	46.642	-123.36
1.845	28.11	1032	12	14	1500	90	0.73	-1.285	34.735	11.282	1.14	0.877	48.077	-115.13
1.884	22.55	168	65	46	2121	80.672	0.435	-1.479	26.546	14.394	1.61	0.621	46.837	-122.467
2.605	13.63	90	22	20	1500	0	0.661	-1.423	25.58	12.973	1.203	0.831	46.63	-123.254
1.733	30.87	861	12	14	1500	0	0.73	-1.174	44.692	10.613	1.14	0.877	48.584	-110.344
1.771	56.91	953	12	14	1500	0	0.73	-1.084	23.589	9.943	1.14	0.877	46.848	-122.037
2.03	14.14	747	37	30	1707	78.742	0.631	-1.506	42.95	14.011	1.392	0.719	47.637	-117.667
0.783	31.39	406	12	14	1500	90	0.73	-1.124	25.437	10.245	1.14	0.877	46.743	-122.558
0.481	57.62	1401	31	26	1500	164.016	0.47	-1.436	21.864	13.208	1.318	0.759	46.83	-121.946
3.368	8.18	377	35	32	1500	45.851	0.394	-1.415	47.732	13.297	1.526	0.655	47.27	-119.582
1.387	25.92	1266	12	14	1500	90	0.73	-1.148	35.508	10.272	1.14	0.877	47.053	-120.825
7.237	16.38	597	39	28	2500	86.748	0.554	-1.425	37.463	13.51	1.265	0.79	47.684	-117.388
5.328	15.77	60	12	14	1500	0	0.73	-1.113	29.152	10.175	1.14	0.877	46.668	-122.978
4.268	36.88	965	72	44	3121	99.829	0.432	-1.569	30.577	15.112	1.463	0.683	48.024	-113.956
1.563	52.67	626	74	40	3121	4.377	0.902	-1.747	25.652	16.295	1.312	0.762	46.636	-122.494
2.651	39.14	202	12	14	1500	90	0.73	-1.063	22.389	9.639	1.14	0.877	46.305	-123.893
1.274	39.86	186	12	14	1500	90	0.73	-1.174	23.866	10.613	1.14	0.877	46.336	-123.761
1.222	37.76	475	110	54	4500	94.042	0.654	-1.741	26.653	16.75	1.453	0.688	46.397	-123.27
0.258	6.99	470	12	14	1500	0	0.73	-1.063	41.102	9.943	1.14	0.877	46.983	-120.519
2.716	16.4	37	15	16	1500	0	0.577	-1.4	29.829	12.295	1.166	0.858	46.445	-122.866
4.287	7.37	340	21	20	1500	15.818	0.593	-1.277	43.573	11.755	1.231	0.812	47.144	-119.293
2.702	30.82	10	33	28	1707	79.133	0.479	-1.697	22.993	15.206	1.375	0.727	46.147	-123.929
0.309	34.46	57	48	38	2121	136.317	0.373	-1.602	23.566	15.048	1.548	0.646	46.178	-123.777
0.827	22.75	152	46	30	2500	97.705	0.684	-1.406	26.813	13.318	1.248	0.801	46.378	-122.731
3.744	44.29	1343	172	116	2707	94.95	0.704	-1.741	36.271	17.276	2.496	0.401	47.656	-114.742
1.774	98.96	168	42	32	2121	80.928	0.513	-1.407	24.736	13.278	1.393	0.718	46.09	-68.161
2.273	43.69	737	42	34	1707	156.498	0.414	-1.689	24.287	15.407	1.48	0.676	46.413	-122.304
0.481	31.65	372	18	18	1500	113.109	0.72	-1.384	24.159	12.453	1.197	0.835	46.187	-123.282
0.644	24.37	73	15	16	1500	90	0.577	-1.289	25.846	11.626	1.166	0.858	46.209	-123.13
0.368	35.26	58	15	16	1500	0	0.577	-1.179	23.692	10.956	1.166	0.858	46.086	-123.724
4.034	19.58	34	48	36	2121	78.166	0.376	-1.744	27.591	16.021	1.466	0.682	46.281	-122.899
1.29	38.17	857	25	20	2500	90	1	-1.463	26.7	13.279	1.129	0.886	46.349	-122.27
1.237	87.53	322	15	16	1500	0	0.577	-1.158	29.898	10.505	1.166	0.858	48.839	-95.745
2.531	37.41	63	19	18	1500	12.821	0.775	-1.282	21.329	11.736	1.165	0.858	46.019	-123.891
1.624	33.65	399	198	94	4500	101.4	0.378	-1.805	25.296	17.627	1.885	0.531	46.355	-122.618
1.596	79.02	250	12	14	1500	0	0.73	-1.113	32.144	10.175	1.14	0.877	48.777	-96.927
2.553	26.54	209	29	26	1500	106.65	0.465	-1.63	25.447	14.619	1.362	0.734	46.161	-122.711
4.211	7.55	298	48	38	1500	138.738	0.423	-1.585	42.719	14.922	1.548	0.646	46.813	-119.198
0.221	40.74	104	27	22	2121	8.906	0.848	-1.33	21.579	12.314	1.195	0.837	45.898	-123.879
1.339	8.12	326	15	16	1500	135	0.872	-1.152	46.146	10.627	1.166	0.858	46.603	-120.508
1.644	79.89	244	20	20	1500	16.119	0.549	-1.292	31.321	11.693	1.262	0.792	48.703	-97.042
0.969	12.71	1172	137	62	4121	164.862	0.711	-1.77	33.321	17.171	1.495	0.669	46.36	-121.173
0.983	15.47	1304	12	14	1500	90	0.73	-1.057	31.002	9.762	1.14	0.877	46.343	-121.262
2.784	39.32	896	22	20	1707	49.417	0.767	-1.345	25.656	12.309	1.203	0.831	46.104	-122.47
7.776	19.19	5	15	16	1500	0	0.577	-1.251	27.529	11.194	1.166	0.858	46.111	-122.896
3.852	7.01	269	12	14	1500	0	0.73	-1.161	40.973	10.363	1.14	0.877	46.47	-120.443
3.143	92.88	360	148	68	3500	71.524	0.337	-1.789	25.817	17.411	1.577	0.634	48.579	-93.398
2.7	11.63	840	102	66	2707	52.981	0.885	-1.873	39.9	17.703	1.844	0.542	46.286	-120.943
3.466	66.38	496	2199	396	15500	65.866	0.663	-1.882	38.104	20.591	2.383	0.42	48.415	-101.327
5.413	17.2	63	12	14	1500	90	0.73	-1.174	28.582	10.613	1.14	0.877	45.854	-122.859
1.071	12.29	984	16	16	1500	90	1	-1.233	34.289	11.407	1.129	0.886	46.183	-120.997
1.891	25.02	159	94	46	2500	92.219	0.335	-1.613	27.159	15.542	1.339	0.747	45.9	-122.442
1.013	4.46	231	28	24	1500	96.708	0.438	-1.45	40.107	13.25	1.28	0.781	46.346	-120.179
2.008	39.36	222	27	22	1707	163.725	0.735	-1.483	21.132	13.625	1.195	0.837	45.667	-123.889
2.014	65.3	609	12	14	1500	0	0.73	-1.544	47.486	13.15	1.14	0.877	48.138	-104.95
4.903	16.41	19	20	20	1707	132.115	0.645	-1.304	29.237	11.937	1.262	0.792	45.77	-122.881
0.973	35.9	726	26	22	1707	79.775	0.771	-1.482	24.307	13.441	1.217	0.821	45.882	-122.169
2.511	6.58	198	16	16	1500	90	1	-1.257	43.879	11.434	1.129	0.886	46.459	-119.019
0.034	16.5	388	14	16	1500	135	0.742	-1.157	26.396	10.613	1.207	0.829	45.629	-123.369
0.55	20.18	811	187	72	4500	141.865	0.632	-1.684	26.665	16.764	1.486	0.673	45.931	-121.875
4.839	66.18	577	12	14	1500	90	0.73	-1.285	41.361	11.282	1.14	0.877	48.166	-103.637
4.269	16.01	765	25	20	2500	90	1	-1.443	37.871	13.275	1.129	0.886	46.732	-117.166
2.345	67.64	477	28	24	1707	3.515	0.711	-1.457	39.675	13.392	1.28	0.781	48.232	-101.318
0.895	38.2	1031	62	44	2121	62.513	0.552	-1.558	45.7	14.89	1.577	0.634	47.488	-111.301
5.916	35.54	15	12	14	1500	0	0.73	-1.072	21.599	9.699	1.14	0.877	45.48	-123.833
0.853	6.93	164	31	24	2121	170.97	0.924	-1.493	40.877	13.647	1.216	0.822	46.335	-119.097
3.924	29	1260	371	128	6363	137.402	0.433	-1.849	32.976	18.705	1.875	0.533	47.164	-113.444
4.681	25.57	964	24	22	1500	63.264	0.664	-1.532	36.719	13.76	1.267	0.789	47.045	-114.318
5.64	11.13	55	12	14	1500	0	0.73	-1.174	34.84	10.613	1.14	0.877	45.52	-123.088
1.753	84.96	444	28	24	1707	161.475	0.584	-1.502	32.522	13.731	1.28	0.781	48.166	-98.986
0.601	34.85	1279	16	16	1500	90	1	-1.323	29.869	11.919	1.129	0.886	46.827	-115.129
2.07	15.43	24	29	24	1707	109.198	0.624	-1.519	26.25	13.949	1.258	0.795	45.687	-121.877
1.314	7.22	486	12	14	1500	90	0.73	-1.057	39.896	9.762	1.14	0.877	45.835	-121.152
5.013	87.02	444	16	16	1500	90	1	-1.212	29.422	11.249	1.129	0.886	48.119	-98.87
0.117	40.76	529	15	16	1500	0	0.577	-1.168	22.908	10.57	1.166	0.858	45.303	-123.623
3.569	6.02	112	39	36	1707	22.504	0.441	-1.645	43.831	15.09	1.627	0.615	46.242	-119.197
2.569	85.87	341	154	76	3707	126.273	0.753	-1.794	29.276	17.561	1.728	0.579	48.111	-96.186
3.182	6.22	155	30	24	2500	135	0.744	-1.571	33.018	14.06	1.236	0.809	45.689	-121.52
1.787	5.33	155	88	48	3500	64.18	0.445	-1.734	36.468	16.525	1.444	0.693	45.68	-121.375
5.788	26.17	961	21	22	1500	75.483	0.404	-1.369	39.442	12.542	1.355	0.738	46.881	-114.048
3.933	13.43	77	36	28	2121	90.986	0.512	-1.508	33.947	13.914	1.317	0.759	45.318	-122.945
1.28	16.22	357	63	38	2500	29.088	0.763	-1.629	46.7	15.401	1.351	0.74	46.394	-117.019
3.268	25.51	590	75	46	3121	153.833	0.471	-1.696	36.067	16.046	1.499	0.667	46.488	-116.242
0.329	32.6	1502	53	34	2500	79.967	0.616	-1.519	31.711	14.511	1.318	0.759	46.749	-114.534
2.088	80.58	272	19	18	1500	77.18	0.775	-1.337	32.047	12.144	1.165	0.858	47.951	-97.395
5.995	9.62	46	20	18	1500	90	0.791	-1.36	35.045	12.356	1.136	0.881	45.212	-123.192
3.256	62.41	601	34	24	2500	174.608	0.705	-1.371	42.324	12.756	1.161	0.861	47.708	-104.181
8.084	5.17	93	20	20	1707	135	0.782	-1.304	37.701	11.937	1.262	0.792	45.842	-119.676
4.609	81.64	254	95	48	3500	13.656	0.858	-1.741	30.811	16.577	1.39	0.72	47.923	-97.045
8.862	16.05	56	124	74	2500	78.77	0.543	-1.705	31.038	16.582	1.875	0.533	45.516	-122.621
2.169	36.07	252	252	100	5121	0.141	0.626	-1.897	20.281	18.772	1.777	0.563	44.985	-123.91
3.796	20.22	140	49	36	2500	163.822	0.412	-1.541	31.659	14.49	1.451	0.689	45.305	-122.342
1.303	46.7	820	12	14	1500	0	0.73	-1.174	24.857	10.613	1.14	0.877	45.001	-123.761
3.587	11.79	281	28	24	1707	38.153	0.717	-1.394	42.773	12.828	1.28	0.781	46.048	-118.346
2.291	27.59	859	12	14	1500	90	0.73	-1.084	25.154	9.943	1.14	0.877	44.979	-123.678
0.928	29.3	90	18	18	1500	23.109	0.72	-1.494	19.532	13.123	1.197	0.835	44.872	-124.018
8.765	4.4	156	28	24	1707	70.024	0.562	-1.516	41.18	13.747	1.28	0.781	45.832	-119.341
2.296	13.16	56	84	54	2500	55.018	0.408	-1.742	36.664	16.494	1.662	0.602	45.147	-122.868
1.404	10.76	74	12	14	1500	90	0.73	-1.084	33.846	9.943	1.14	0.877	44.991	-123.347
3.408	79.92	263	19	18	1500	77.18	0.775	-1.282	29.792	11.736	1.165	0.858	47.774	-96.609
3.148	88.71	263	15	16	1500	90	0.577	-1.4	28.792	12.295	1.166	0.858	47.763	-97.08
2.433	28.93	411	12	14	1500	0	0.73	-1.285	23.102	11.282	1.14	0.877	44.861	-123.828
0.598	6.45	712	15	16	1500	90	0.577	-1.252	45.867	11.356	1.166	0.858	45.361	-121.245
0.985	47.49	1199	261	82	6500	71.734	0.662	-1.155	41.47	12.214	1.432	0.698	47.066	-109.43
0.518	84.89	488	23	20	1707	142.108	0.854	-1.425	34.897	12.934	1.177	0.85	47.669	-99.485
3.025	21.73	1078	16	16	1500	90	1	-1.433	37.835	12.588	1.129	0.886	46.539	-114.044
1.842	76.52	30	15	16	1500	0	0.577	-1.289	26.878	11.626	1.166	0.858	44.928	-68.641
7.553	10.84	98	16	16	1500	90	1	-1.323	34.237	11.919	1.129	0.886	44.916	-123.313
2.528	17.72	152	12	14	1500	0	0.73	-1.544	34.192	13.15	1.14	0.877	44.998	-122.763
6.701	40.42	1456	32	26	1707	31.309	0.72	-1.57	42.664	14.396	1.297	0.771	46.685	-112.197
7.823	28.21	1266	191	88	4121	105.169	0.572	-1.69	39.087	16.828	1.797	0.557	46.438	-114.003
3.829	11.8	55	15	16	1500	90	0.577	-1.114	35.131	10.509	1.166	0.858	44.849	-123.207
0.587	30.61	769	12	14	1500	0	0.73	-1.148	32.293	10.272	1.14	0.877	46.174	-115.722
1.69	8.13	327	20	20	1500	163.881	0.549	-1.248	48.07	11.709	1.262	0.792	45.667	-118.802
5.393	11.82	56	15	16	1500	45	0.872	-1.189	35.407	10.901	1.166	0.858	44.928	-123.009
3.135	102.95	434	12	14	1500	0	0.73	-1.113	27.505	10.175	1.14	0.877	47.52	-92.555
0.712	94.87	412	18	18	1500	17.296	0.715	-1.247	28.538	11.282	1.197	0.835	47.536	-95.691
2.276	19.86	927	15	16	1500	45	0.872	-1.289	32.684	11.626	1.166	0.858	45.768	-117.893
4.021	83.7	27	23	22	1500	30.533	0.59	-1.425	27.239	12.934	1.294	0.773	44.81	-68.771
4.644	22.04	11	12	14	1500	90	0.73	-1.148	22.216	10.272	1.14	0.877	44.616	-123.922
0.862	68.15	618	15	16	1500	90	0.577	-1.227	42.878	11.167	1.166	0.858	47.377	-101.829
0.061	82.34	262	21	20	1500	90	0.408	-1.277	30.254	11.755	1.231	0.812	47.511	-96.865
1.5	84.24	46	12	14	1500	90	0.73	-1.174	26.945	10.613	1.14	0.877	44.731	-68.842
1.664	12.22	69	56	38	2500	147.815	0.45	-1.693	33.681	15.802	1.433	0.698	44.701	-123.213
2.782	18.33	148	26	22	1500	96.693	0.543	-1.43	35.578	13.204	1.217	0.821	44.808	-122.794
4.273	34.09	1163	97	52	3121	113.709	0.8	-1.792	44.127	17.06	1.49	0.671	46.61	-111.935
2.966	97.69	411	47	34	2121	62.745	0.583	-1.552	26.874	14.607	1.399	0.715	47.479	-94.888
1.907	12.43	210	14	16	1500	135	0.742	-1.64	27.808	13.966	1.207	0.829	44.62	-123.442
2.169	36.66	1004	24	22	1707	61.321	0.617	-1.421	42.991	13.083	1.267	0.789	45.931	-116.15
1.314	15.51	285	14	16	1500	135	0.742	-1.189	25.556	10.921	1.207	0.829	44.623	-123.526
3.557	112.28	450	12	14	1500	0	0.73	-1.063	27.393	9.943	1.14	0.877	47.393	-92.939
0.901	25.49	1094	14	16	1500	45	0.742	-1.143	37.934	10.643	1.207	0.829	46.245	-114.15
2.941	94.43	40	61	34	3500	65.56	0.712	-1.678	26.829	15.732	1.228	0.814	44.543	-68.413
2.462	22.75	32	18	18	1500	17.296	0.715	-1.365	19.118	12.321	1.197	0.835	44.409	-124.058
3.277	12.96	67	12	14	1500	90	0.73	-1.113	37.003	10.175	1.14	0.877	44.634	-123.091
2.241	85.6	444	15	16	1500	90	0.577	-1.265	32.709	11.293	1.166	0.858	47.327	-98.336
2.973	19.4	401	12	14	1500	90	0.73	-1.124	23.742	10.245	1.14	0.877	44.454	-123.781
5.185	10.51	89	16	16	1500	90	1	-1.323	32.255	11.919	1.129	0.886	44.578	-123.295
0.241	86.08	429	15	16	1500	135	0.872	-1.179	31.179	10.956	1.166	0.858	47.317	-98.066
1.633	85.09	381	12	14	1500	0	0.73	-1.009	33.337	9.579	1.14	0.877	47.326	-97.738
0.93	88.63	273	20	18	1500	0	0.791	-1.336	30.505	12.329	1.136	0.881	47.325	-97.02
2.687	88.01	267	12	14	1500	90	0.73	-1.085	30.613	9.971	1.14	0.877	47.325	-96.915
4.405	67.35	202	12	14	1500	90	0.73	-1.174	26.05	10.613	1.14	0.877	47.129	-88.577
1.655	11.78	368	18	18	1500	0	0.478	-1.35	25.28	12.053	1.197	0.835	44.495	-123.482
5.628	14.45	106	12	14	1500	0	0.73	-1.148	35.072	10.272	1.14	0.877	44.544	-122.912
1.578	27.83	1451	12	14	1500	90	0.73	-1.148	38.232	10.272	1.14	0.877	45.454	-117.891
4.401	106.17	397	12	14	1500	0	0.73	-1.124	25.699	10.245	1.14	0.877	47.224	-93.541
3.525	14.36	1328	12	14	1500	90	0.73	-1.285	41.775	11.282	1.14	0.877	45.235	-119.096
0.522	26.94	1195	52	34	2500	61.56	0.589	-1.536	26.738	14.488	1.33	0.752	44.614	-122.178
5.182	16.9	840	12	14	1500	0	0.73	-1.057	40.698	9.762	1.14	0.877	45.339	-118.067
1.374	83.52	57	69	46	2500	164.507	0.476	-1.671	25.766	15.83	1.563	0.64	44.421	-69.016
3.429	12.89	98	31	24	1707	10.195	0.624	-1.549	30.346	14.152	1.216	0.822	44.325	-123.379
4.123	82.22	34	25	20	2500	90	1	-1.463	26.697	13.279	1.129	0.886	44.552	-69.641
4.157	95.96	251	12	14	1500	90	0.73	-1.124	22.388	10.245	1.14	0.877	47.039	-91.678
1.219	15.3	1490	12	14	1500	0	0.73	-1.174	38.201	10.613	1.14	0.877	45.156	-119.148
3.643	117.76	318	15	16	1500	0	0.577	-1.289	21.932	11.626	1.166	0.858	44.959	-72.137
4.262	36.91	1631	12	14	1500	90	0.73	-1.072	28.758	9.699	1.14	0.877	45.915	-113.76
0.536	64.1	743	39	28	2121	20.656	0.641	-1.609	43.709	14.865	1.265	0.79	46.882	-102.802
3.052	113.35	283	28	24	1707	142.614	0.635	-1.516	22.088	13.747	1.28	0.781	44.932	-72.193
1.355	84.53	54	19	18	1500	102.821	0.775	-1.36	25.225	12.172	1.165	0.858	44.459	-69.703
1.303	19.17	1485	40	28	1500	0	0.389	-1.179	36.047	11.831	1.249	0.801	45.118	-118.537
0.634	23.01	1730	62	36	2707	100.067	0.557	-1.699	33.461	15.782	1.29	0.775	45.178	-118.159
2.508	31.24	1606	48	34	2121	65.09	0.591	-1.624	31.262	15.148	1.385	0.722	45.761	-114.302
0.844	99.55	419	15	16	1500	45	0.872	-1.251	25.216	11.194	1.166	0.858	46.969	-94.215
2.393	12.78	721	15	16	1500	90	0.577	-1.683	49.177	14.331	1.166	0.858	44.641	-121.129
1.396	38.64	1125	23	20	1500	83.839	0.653	-1.449	48.764	12.961	1.177	0.85	46.356	-109.113
7.214	30.46	1666	155	70	4535	55.779	0.884	-1.731	36.306	17.03	1.586	0.63	45.986	-112.516
3.091	71.36	214	15	16	1500	0	0.577	-1.289	25.394	11.626	1.166	0.858	46.472	-84.349
2.199	96.27	100	33	24	2500	122.842	0.86	-1.592	24.066	14.426	1.179	0.848	44.467	-70.183
3.12	78.93	400	30	24	2121	91.185	0.676	-1.399	36.53	13.133	1.236	0.809	46.921	-97.988
3.005	87.98	452	12	14	1500	0	0.73	-1.174	37.63	10.613	1.14	0.877	46.916	-98.703
5.556	99.21	442	15	16	1500	90	0.577	-1.289	29.144	11.626	1.166	0.858	46.923	-95.066
0.942	90.43	32	18	18	1500	0	0.478	-1.273	24.468	11.784	1.197	0.835	44.205	-69.078
0.588	37.26	1120	25	20	2500	90	1	-1.401	47.562	12.808	1.129	0.886	46.284	-109.053
0.666	89.92	385	251	114	4500	93.84	0.641	-1.786	29.659	17.87	2.03	0.493	46.917	-96.125
1.085	95.09	412	12	14	1500	90	0.73	-1.174	25.725	10.613	1.14	0.877	46.884	-94.335
1.821	77.38	552	81	48	3121	106.419	0.345	-1.656	42.469	15.862	1.505	0.665	46.828	-100.787
3.751	11.91	141	12	14	1500	0	0.73	-1.063	28.629	9.639	1.14	0.877	44.033	-123.355
2.575	29.09	1335	12	14	1500	90	0.73	-1.174	43.645	10.613	1.14	0.877	45.873	-112.096
1.417	124.57	536	288	108	5949	144.138	0.513	-1.785	23.803	17.998	1.796	0.557	44.682	-71.971
4.459	83.87	275	18	18	1500	0	0.478	-1.136	35.381	10.669	1.197	0.835	46.867	-96.836
7.117	65.55	238	43	28	2500	177.775	0.702	-1.658	21.158	15.346	1.205	0.83	46.549	-87.429
2.954	98.78	17	19	18	1500	102.821	0.775	-1.412	25.626	12.699	1.165	0.858	44.11	-69.116
3.044	96.26	409	18	18	1500	90	0.478	-1.384	27.691	12.453	1.197	0.835	46.813	-95.862
3.046	85.53	11	202	106	3535	78.847	0.48	-1.862	25.884	18.347	2.104	0.475	44.291	-69.78
1.801	12.17	144	37	28	2500	19.47	0.633	-1.466	30.999	13.62	1.299	0.77	44	-123.239
1.103	97.94	453	32	24	2121	14.129	0.664	-1.407	29.607	13.078	1.197	0.835	46.775	-95.205
0.728	99.34	281	19	18	1500	77.18	0.775	-0.968	24.252	9.632	1.165	0.858	46.682	-90.899
5.319	105.72	362	28	22	1500	90	0.559	-1.462	26.761	13.493	1.173	0.852	46.722	-92.461
2.503	71.68	394	15	16	1500	45	0.872	-1.18	20.782	10.814	1.166	0.858	46.512	-87.561
1.594	95.53	118	16	16	1500	90	1	-1.281	24.726	11.461	1.129	0.886	44.826	-73.08
2.688	72.52	190	36	28	2121	0.985	0.512	-1.346	18.112	12.581	1.317	0.759	46.475	-87.328
4.359	101.65	351	33	26	1707	174.568	0.748	-1.434	25.311	13.318	1.277	0.783	46.78	-92.126
7.352	78.04	244	20	18	1500	0	0.791	-1.134	24.268	10.614	1.136	0.881	46.253	-84.462
8.235	13.29	130	16	16	1500	90	1	-0.861	32.4	8.723	1.129	0.886	44.064	-123.09
2.604	26.34	1685	12	14	1500	90	0.73	-1.174	34.081	10.613	1.14	0.877	45.535	-113.965
1.652	91.5	103	19	18	1500	77.18	0.775	-1.347	24.758	12.307	1.165	0.858	44.22	-70.095
1.659	97.62	393	12	14	1500	0	0.73	-1.161	27.791	10.363	1.14	0.877	46.714	-94.417
0.252	13.36	1150	12	14	1500	90	0.73	-1.148	38.903	10.272	1.14	0.877	44.25	-121.626
2.493	87.12	295	22	20	1707	33.69	0.934	-1.264	33.537	11.536	1.203	0.831	46.704	-96.45
0.699	12.99	308	12	14	1500	90	0.73	-1.174	26.341	10.613	1.14	0.877	43.876	-123.356
0.805	97.23	430	12	14	1500	0	0.73	-1.016	29.445	9.274	1.14	0.877	46.675	-95.122
6.549	11.46	167	12	14	1500	90	0.73	-1.113	31.441	10.175	1.14	0.877	43.914	-123.02
0.3	13.39	1270	14	16	1500	45	0.742	-1.209	40.07	10.991	1.207	0.829	44.199	-121.597
3.5	9.9	984	12	14	1500	0	0.73	-1.113	48.59	10.175	1.14	0.877	44.222	-121.456
1.576	14.35	899	12	14	1500	90	0.73	-1.174	50.579	10.613	1.14	0.877	44.29	-121.202
3.876	11.75	179	75	44	2707	154.178	0.87	-1.702	30.284	16.119	1.434	0.698	43.855	-123.035
1.625	19.07	1486	136	62	4500	24.905	0.655	-1.735	33.93	16.863	1.5	0.667	45.083	-116.271
4.706	86.08	356	64	36	2707	29.205	0.632	-1.621	21.929	15.362	1.27	0.788	46.332	-87.381
0.908	15.16	357	18	18	1500	107.296	0.715	-1.273	27.862	11.784	1.197	0.835	43.823	-123.146
8.916	29.67	1366	16	16	1500	90	1	-1.208	38.104	11.066	1.129	0.886	45.769	-111.168
5.523	95.45	417	12	14	1500	0	0.73	-1.063	28.377	9.943	1.14	0.877	46.6	-95.579
4.951	100.94	458	29	24	1707	21.124	0.589	-1.384	25.424	12.854	1.258	0.795	46.459	-90.169
1.817	21.21	1592	24	22	1500	168.114	0.498	-1.421	35.533	13.083	1.267	0.789	44.754	-118.251
0.405	102.68	336	35	28	2121	48.997	0.603	-1.517	27.355	14.053	1.335	0.749	46.512	-91.589
4.584	92.58	62	79	46	2707	103.99	0.676	-1.65	27.136	15.746	1.46	0.685	44.935	-74.876
1.314	103.4	221	17	18	1500	24.902	0.651	-1.222	24.436	11.059	1.232	0.812	44.438	-72.038
3.346	103.4	100	30	24	1707	128.42	0.752	-1.356	24.414	12.692	1.236	0.809	44.616	-73.131
2.099	13.35	933	364	120	6949	103.141	0.851	-1.82	47.806	18.461	1.775	0.563	44.289	-120.814
6.798	13.14	200	15	16	1500	90	0.577	-1.158	29.802	10.505	1.166	0.858	43.793	-123.06
2.692	20.93	1045	12	14	1500	0	0.73	-1.544	43.168	13.15	1.14	0.877	44.784	-117.823
3.822	87.21	339	18	18	1500	17.296	0.715	-1.273	22.468	11.784	1.197	0.835	46.277	-87.413
0.763	34.82	1252	21	20	1500	45	0.75	-1.308	43.367	12.147	1.231	0.812	45.825	-109.963
0.772	20.19	1621	23	20	1500	6.161	0.653	-1.449	35.508	12.961	1.177	0.85	44.584	-118.85
2.122	87.8	384	15	16	1500	45	0.872	-1.289	22.418	11.626	1.166	0.858	46.275	-87.59
4.526	89.13	79	15	16	1500	0	0.577	-1.227	25.459	11.167	1.166	0.858	44.083	-70.198
6.856	82.65	65	16	16	1500	90	1	-1.323	24.164	11.919	1.129	0.886	44.678	-73.487
3.141	99.36	269	15	16	1500	45	0.872	-1.251	24.419	11.194	1.166	0.858	44.307	-71.773
0.186	22.66	1604	12	14	1500	90	0.73	-1.072	35.374	9.699	1.14	0.877	44.57	-118.74
7.027	82.48	16	19	18	1500	12.821	0.775	-1.412	24.593	12.699	1.165	0.858	43.916	-69.826
7.621	37.56	1485	20	20	1500	18.435	0.546	-1.292	32.684	11.693	1.262	0.792	45.67	-111.035
1.632	106.4	339	152	72	3707	152.53	0.491	-1.525	26.348	15.229	1.648	0.607	46.44	-92.749
1.642	113.9	207	52	42	2121	112.706	0.357	-1.533	25.278	14.549	1.643	0.608	44.497	-72.973
2.815	82.81	357	166	72	5500	170.173	0.688	-1.733	37.495	17.023	1.577	0.634	46.437	-97.701
0.311	70.77	202	18	20	1500	108.435	0.459	-1.384	23.729	12.453	1.33	0.752	46.111	-86.429
8.419	39.39	1596	66	36	3500	146.304	0.746	-1.735	30.511	16.172	1.25	0.8	45.604	-111.081
1.087	105.5	145	12	14	1500	0	0.73	-1.174	24.073	10.613	1.14	0.877	44.04	-70.706
5.524	84.92	16	15	16	1500	90	0.577	-1.4	24.476	12.295	1.166	0.858	43.909	-69.953
6.036	40.49	1379	41	32	2500	30.197	0.508	-1.668	41.654	15.296	1.41	0.709	45.669	-110.556
4.462	37	1013	15	16	1500	135	0.872	-1.252	44.033	11.356	1.166	0.858	45.862	-108.32
6.238	12.63	36	12	14	1500	0	0.73	-1.161	22.262	10.363	1.14	0.877	43.396	-124.246
3.949	85.67	115	12	14	1500	0	0.73	-1.161	24.761	10.363	1.14	0.877	44.533	-73.492
2.241	96.13	421	12	14	1500	90	0.73	-1.544	30.299	13.15	1.14	0.877	46.481	-95.208
7.563	105.97	68	23	20	1500	96.161	0.653	-1.4	24.057	12.897	1.177	0.85	44.487	-73.15
3.075	10.44	320	15	16	1500	45	0.872	-1.4	26.365	12.295	1.166	0.858	43.481	-123.713
1.764	14.07	1109	85	60	2500	45.643	0.852	-1.666	47.421	15.919	1.836	0.545	44.048	-121.253
2.83	22.14	1487	175	78	4500	16.675	0.457	-1.765	36.38	17.386	1.664	0.601	44.547	-118.422
0.267	16.52	1471	12	14	1500	0	0.73	-1.148	33.883	10.272	1.14	0.877	43.896	-121.623
4.456	96.67	366	12	14	1500	0	0.73	-1.174	28.584	10.613	1.14	0.877	46.35	-94.232
2.191	105.17	89	50	34	2121	175.024	0.465	-1.429	24.179	13.755	1.357	0.737	43.927	-70.58
2.86	12.25	14	15	16	1500	90	0.577	-1.4	23.48	12.295	1.166	0.858	43.348	-124.194
1.931	21.1	430	12	14	1500	0	0.73	-1.063	26.009	9.639	1.14	0.877	43.427	-123.833
1.809	96.15	363	15	16	1500	0	0.577	-1.251	28.001	11.194	1.166	0.858	46.325	-94.362
1.253	33.6	969	12	14	1500	90	0.73	-1.174	44.717	10.613	1.14	0.877	45.789	-108.526
1.133	87.68	296	46	36	2121	53.462	0.434	-1.488	32.377	14.037	1.498	0.668	46.298	-96.499
1.895	94.53	26	42	34	1707	11.977	0.325	-1.428	26.445	13.631	1.48	0.676	43.808	-70.218
3.066	16.56	225	12	14	1500	90	0.73	-1.113	25.849	10.175	1.14	0.877	43.358	-123.829
0.523	19.53	1273	32	28	1500	27.652	0.506	-1.448	38.357	13.539	1.397	0.716	43.84	-121.459
1.522	28.61	999	16	16	1500	90	1	-1.212	41.178	11.249	1.129	0.886	45.676	-108.76
0.729	93.47	400	41	34	2121	127.731	0.461	-1.536	23.396	14.416	1.498	0.667	46.055	-88.286
2.58	38.04	1043	28	22	2500	109.799	0.82	-1.247	44.97	11.536	1.173	0.852	45.817	-106.99
3.364	88.89	292	59	46	1707	172.946	0.602	-0.81	33.306	8.206	1.69	0.592	46.279	-96.6
3.831	92.57	266	18	18	1500	17.296	0.715	-1.384	25.529	12.453	1.197	0.835	44.187	-72.505
2.412	29.33	1544	15	16	1500	45	0.872	-1.252	41.258	11.356	1.166	0.858	45.223	-112.598
2.604	86.25	363	25	20	2500	90	1	-1.44	30.261	13.252	1.129	0.886	46.281	-96.078
2.734	98.29	67	31	24	2121	45	0.744	-1.424	25.486	13.28	1.216	0.822	43.806	-70.437
1.129	18.22	1531	16	16	1500	90	1	-1.257	40.981	11.434	1.129	0.886	44.38	-118.312
2.957	95.13	121	15	16	1500	90	0.577	-1.683	26.213	14.331	1.166	0.858	44.598	-75.167
2.863	11.25	152	300	116	5500	75.995	0.352	-1.796	23.027	18.052	1.89	0.529	43.205	-124.205
2.561	12.07	172	28	26	1500	148.415	0.485	-1.457	32.954	13.392	1.386	0.721	43.399	-123.271
1.02	85.85	178	23	20	1707	127.892	0.854	-1.4	24.36	12.897	1.177	0.85	45.91	-86.945
0.682	102.18	344	15	16	1500	135	0.872	-1.289	26.603	11.626	1.166	0.858	46.141	-92.887
4.656	16.53	1355	14	16	1500	135	0.742	-1.254	32.419	11.312	1.207	0.829	43.659	-121.799
0.436	9.46	31	39	28	2500	64.587	0.674	-1.645	22.724	15.09	1.265	0.79	43.096	-124.407
1.789	16.82	1295	18	18	1500	162.704	0.715	-1.259	40.471	11.525	1.197	0.835	43.718	-121.531
2.601	9.29	197	12	14	1500	0	0.73	-1.072	34.339	9.699	1.14	0.877	43.312	-123.355
0.937	16.55	1316	74	60	2707	120.058	0.364	-1.488	37.883	14.384	1.968	0.508	43.631	-121.613
2.004	76.37	187	42	34	1707	76.462	0.373	-1.473	25.716	13.932	1.48	0.676	45.628	-84.474
1.009	105.47	124	15	16	1500	135	0.872	-1.289	25.511	11.626	1.166	0.858	43.707	-70.787
0.152	17.5	2126	18	18	1500	90	0.478	-1.384	35.468	12.453	1.197	0.835	44.2	-118.455
4.254	92.49	349	28	24	1500	176.269	0.466	-1.547	29.991	14.068	1.28	0.781	46.08	-94.349
3.023	10.25	119	25	22	1707	62.835	0.677	-1.553	25.337	13.945	1.242	0.805	43.064	-124.12
0.699	14.12	1412	23	20	1500	96.161	0.653	-1.51	32.806	13.566	1.177	0.85	43.552	-121.878
2.618	83.21	215	12	14	1500	0	0.73	-1.285	23.562	11.282	1.14	0.877	45.808	-87.075
5.263	103.73	361	24	20	1500	90	0.655	-1.311	27.167	12.173	1.152	0.868	46	-91.493
5.264	9.27	163	23	22	1500	59.467	0.59	-1.365	33.601	12.482	1.294	0.773	43.233	-123.348
2.284	101.67	495	21	20	1500	90	0.408	-1.463	24.276	13.153	1.231	0.812	45.914	-89.707
4.883	89.32	350	61	42	2500	173.153	0.755	-1.592	25.197	15.149	1.517	0.659	45.811	-88.056
2.468	89.66	294	19	18	1500	77.18	0.775	-1.282	25.957	11.736	1.165	0.858	45.783	-87.922
2.849	16.59	1483	12	14	1500	0	0.73	-1.109	36.751	10.221	1.14	0.877	43.547	-121.698
0.116	90.03	372	35	28	1707	24.186	0.577	-1.553	36.184	14.263	1.335	0.749	45.979	-97.135
3.498	90.26	334	23	20	1500	173.839	0.653	-1.377	29.842	12.726	1.177	0.85	45.974	-94.363
0.892	100.35	377	16	16	1500	90	1	-1.22	26.458	11.309	1.129	0.886	45.958	-93.643
5.194	9.76	162	15	16	1500	135	0.872	-1.179	33.721	10.956	1.166	0.858	43.138	-123.377
2.222	93.91	411	12	14	1500	0	0.73	-1.096	29.348	10.186	1.14	0.877	45.96	-94.847
1.509	33.17	1082	29	24	1707	64.927	0.636	-1.63	47.186	14.619	1.258	0.795	45.511	-106.979
1.068	12.54	45	12	14	1500	90	0.73	-1.072	21.007	9.699	1.14	0.877	42.86	-124.492
4.046	88.9	8	15	16	1500	90	0.577	-1.251	26.914	11.194	1.166	0.858	43.613	-70.338
1.163	13.52	1486	51	34	2500	17.559	0.611	-1.572	41.587	14.817	1.343	0.744	43.559	-121.069
2.368	15.68	1535	268	122	4500	117.983	0.392	-1.833	42.362	18.277	2.103	0.476	43.591	-120.947
1.114	117.04	410	12	14	1500	0	0.73	-0.683	25.516	7.2	1.14	0.877	45.856	-91.529
1.273	105.55	166	12	14	1500	90	0.73	-0.683	24.692	7.2	1.14	0.877	43.661	-71.518
0.058	102.94	295	58	32	3500	88.211	0.792	-1.828	28.282	16.73	1.186	0.843	45.877	-92.951
2.074	101.71	306	24	20	1500	0	0.655	-1.532	28.381	13.76	1.152	0.868	45.871	-93.286
1.354	63.57	240	24	22	1500	0	0.356	-1.271	25.616	11.87	1.267	0.789	45.441	-85.002
3.812	90.39	421	15	16	1500	0	0.577	-1.192	29.398	11.057	1.166	0.858	45.888	-95.379
2.777	93.75	22	89	62	2121	107.65	0.491	-1.71	25.888	16.398	1.854	0.539	43.404	-70.547
2.111	43.25	1737	12	14	1500	90	0.73	-1.113	31.389	10.175	1.14	0.877	45.191	-109.263
0.846	102.67	296	20	18	1500	90	0.791	-1.327	28.734	12.262	1.136	0.881	45.775	-93.154
5.195	101.69	474	15	16	1500	0	0.577	-1.4	26.1	12.295	1.166	0.858	45.643	-89.405
0.275	101.89	335	27	28	1500	119.836	0.394	-1.362	28.975	12.632	1.52	0.658	45.797	-93.668
3.061	104.92	229	18	18	1500	0	0.791	-1.198	24.889	11.142	1.197	0.835	43.541	-71.45
1.966	62.85	236	24	20	1500	0	0.655	-1.257	25.914	11.815	1.152	0.868	45.334	-85.001
1.541	71.27	276	32	26	1707	61.971	0.591	-1.426	25.714	13.192	1.297	0.771	45.276	-84.592
2.71	99.74	158	12	14	1500	0	0.73	-1.124	24.87	10.245	1.14	0.877	43.693	-72.305
1.443	110.78	270	12	14	1500	90	0.73	-1.063	25.887	9.943	1.14	0.877	43.505	-71.602
0.351	16.41	1627	12	14	1500	90	0.73	-1.085	35.909	9.971	1.14	0.877	43.264	-121.424
0.335	102.23	293	208	98	3707	119.006	0.375	-1.702	28.775	16.925	1.917	0.522	45.672	-93.07
0.022	100.46	355	29	26	1500	80.802	0.359	-1.092	24.648	10.912	1.362	0.734	43.606	-72.51
2.192	13.98	1551	30	26	1707	119.711	0.543	-1.381	41.138	12.837	1.339	0.747	43.402	-121.37
4.214	70.21	259	64	46	2500	3.646	0.606	-1.472	26.401	14.195	1.622	0.616	45.165	-84.207
3.845	7.3	656	19	18	1500	167.18	0.775	-1.237	42.85	11.538	1.165	0.858	44.025	-116.962
1.371	67.37	190	12	14	1500	0	0.73	-0.97	26.059	8.918	1.14	0.877	45.22	-85.012
0.421	99.16	26	12	14	1500	0	0.73	-1.285	26.429	11.282	1.14	0.877	43.244	-70.612
3.87	73.21	325	12	14	1500	90	0.73	-1.174	26.07	10.613	1.14	0.877	45.159	-84.663
2.135	93.83	444	46	30	2500	72.853	0.765	-1.581	26.095	14.909	1.248	0.801	45.493	-89.714
1.739	71.82	253	31	26	2121	86.693	0.537	-1.415	25.446	13.269	1.318	0.759	45.09	-83.977
4.46	78.14	183	35	26	2500	123.489	0.73	-1.517	25.6	14.053	1.24	0.806	45.06	-83.462
2.582	106.83	158	15	16	1500	90	0.577	-1.4	25.863	12.295	1.166	0.858	43.34	-71.457
1.071	67.7	275	196	86	4949	172.526	0.817	-1.873	25.769	18.277	1.733	0.577	45.086	-84.183
5.266	119.71	197	38	30	1500	33.106	0.569	-1.477	25.469	13.767	1.373	0.728	43.61	-72.97
3.343	103.01	296	24	20	1500	90	0.655	-1.328	32.142	12.376	1.152	0.868	45.575	-93.586
1.033	103.42	377	12	14	1500	90	0.73	-1.174	27.462	10.613	1.14	0.877	45.538	-92.037
4.391	106.49	293	12	14	1500	90	0.73	-1.285	31.714	11.282	1.14	0.877	45.563	-93.221
1.98	99.44	15	30	22	2500	0	0.828	-1.648	26.535	14.773	1.133	0.882	43.15	-70.669
1.953	95.07	345	12	14	1500	90	0.73	-0.97	33.127	8.918	1.14	0.877	45.583	-95.897
1.294	109.69	299	17	18	1500	114.902	0.651	-1.289	24.196	11.802	1.232	0.812	43.376	-71.944
4.198	106.14	267	52	34	2500	55.086	0.788	-1.637	32.087	15.282	1.33	0.752	45.517	-92.973
2.95	96.39	349	22	22	1500	14.971	0.433	-1.49	27.55	13.383	1.323	0.756	45.463	-91.087
3.784	84.14	172	76	48	2707	79.877	0.511	-1.81	28.216	16.954	1.554	0.644	44.035	-75.799
1.626	105.02	117	41	26	2500	170.101	0.847	-1.493	25.639	13.952	1.146	0.873	43.599	-73.245
2.432	96.66	76	36	28	2121	44.437	0.595	-1.499	27.288	13.999	1.317	0.759	43.274	-71.576
1.433	12.65	1317	12	14	1500	90	0.73	-1.285	49.027	11.282	1.14	0.877	43.22	-120.699
4.283	93.53	319	15	16	1500	135	0.872	-1.251	30.667	11.194	1.166	0.858	45.555	-94.202
2.768	108.38	284	48	32	2500	169.268	0.56	-1.437	32.352	13.794	1.303	0.767	45.482	-93.244
3.287	67.76	267	29	22	2500	11.17	0.818	-1.518	24.713	13.876	1.153	0.868	44.997	-84.144
1.393	13.45	937	33	28	1500	42.069	0.56	-1.48	30.547	13.671	1.375	0.727	42.655	-123.168
1.207	81.2	396	86	46	2707	90.68	0.621	-1.728	42.183	16.445	1.4	0.714	45.469	-98.468
2.042	97.67	339	15	16	1500	90	0.577	-1.4	27.518	12.295	1.166	0.858	45.471	-91.74
7.183	81.39	142	44	30	2707	68.521	0.83	-1.542	27.577	14.452	1.276	0.784	43.978	-75.916
2.996	97.67	35	129	64	3500	111.059	0.941	-1.795	26.974	17.317	1.59	0.629	43.171	-70.892
3.632	94.49	339	42	28	2500	178.741	0.713	-1.711	30.773	15.631	1.219	0.82	45.461	-94.434
3.137	86.43	207	67	36	3500	137.703	0.76	-1.729	27.078	16.061	1.241	0.806	45.227	-87.982
2.7	104.06	296	12	14	1500	0	0.73	-1.285	30.35	11.282	1.14	0.877	45.442	-93.581
0.192	7.59	513	12	14	1500	90	0.73	-1.057	33.383	9.762	1.14	0.877	42.568	-123.485
5.512	92.62	100	15	16	1500	90	0.577	-1.4	27.528	12.295	1.166	0.858	43.198	-71.512
1.509	100.54	126	32	30	1500	48.414	0.436	-1.519	26.711	14.015	1.496	0.668	43.212	-71.7
0.652	94.38	359	15	16	1500	0	0.577	-1.227	30.743	11.167	1.166	0.858	45.418	-94.652
1.044	95.4	320	38	32	1500	157.448	0.446	-1.643	30.561	14.994	1.465	0.683	45.417	-94.176
0.568	106.9	278	45	36	2500	72.41	0.542	-1.588	28.012	14.869	1.514	0.66	45.378	-92.854
0.145	75.22	389	12	14	1500	90	0.73	-1.544	24.935	13.15	1.14	0.877	44.951	-84.871
3.546	75.58	403	33	26	1707	29.653	0.61	-1.528	24.894	14.034	1.277	0.783	44.997	-84.672
0.042	49.42	1145	18	18	1500	0	0.478	-1.247	46.018	11.339	1.197	0.835	45.108	-105.077
3.957	95.03	359	66	42	2500	104.205	0.573	-1.713	29.373	16.133	1.459	0.686	45.379	-94.723
1.303	95.84	89	33	28	1707	87.78	0.461	-1.274	26.317	12.36	1.375	0.727	43.057	-71.241
0.041	73.63	279	26	22	1500	0	0.566	-1.463	27.629	13.453	1.217	0.821	44.935	-85.146
3.598	6.37	333	109	72	2500	177.027	0.595	-1.709	35.937	16.519	1.946	0.514	42.497	-123.381
1.684	99.05	35	38	30	2121	164.989	0.41	-1.643	27.776	14.994	1.373	0.728	42.982	-70.882
3.53	84.57	178	33	24	2500	170.616	0.718	-1.592	25.87	14.426	1.179	0.848	45.104	-87.627
1.86	73.22	375	3615	688	22500	133.236	0.951	-1.934	24.995	21.587	3.229	0.31	44.857	-84.289
5.631	89.88	455	12	14	1500	0	0.73	-1.161	27.949	10.363	1.14	0.877	45.143	-89.154
2.4	87.71	187	34	30	1500	137.21	0.453	-1.54	26.81	14.15	1.452	0.689	45.063	-87.754
0.592	76	385	12	14	1500	90	0.73	-1.174	24.078	10.613	1.14	0.877	44.844	-84.729
4.515	11.46	443	15	16	1500	135	0.872	-1.289	40.2	11.626	1.166	0.858	42.538	-122.91
4.395	98.28	292	20	18	1500	0	0.791	-1.438	30.58	12.932	1.136	0.881	45.29	-93.794
0.368	97.02	41	18	18	1500	72.704	0.715	-1.384	26.772	12.453	1.197	0.835	42.944	-71.069
0.012	94.63	323	117	58	3707	174.418	0.753	-1.696	33.313	16.541	1.513	0.661	45.298	-96.466
1.391	7.07	759	12	14	1500	90	0.73	-1.063	42.899	9.943	1.14	0.877	43.705	-116.486
2.049	96.77	321	12	14	1500	90	0.73	-1.113	29.771	10.175	1.14	0.877	45.268	-94.145
1.9	5.61	680	8128	1626	15191	105.66	0.545	-1.974	40.005	22.756	5.089	0.197	43.615	-116.937
0.222	13.52	1599	12	14	1500	90	0.73	-1.544	36.658	13.15	1.14	0.877	42.723	-121.809
8.594	6.24	340	649	196	7363	168.285	0.454	-1.817	33.361	18.993	2.171	0.461	42.411	-123.362
2.866	12.42	1538	12	14	1500	90	0.73	-1.285	41.339	11.282	1.14	0.877	42.765	-121.398
1.291	75.64	333	16	16	1500	90	1	-1.295	25.974	11.562	1.129	0.886	44.723	-84.414
1.469	95.65	352	158	60	4707	126.145	0.804	-1.77	35.951	17.35	1.347	0.742	45.219	-96.655
2.16	15.2	1703	161	76	3707	31.795	0.703	-1.809	39.9	17.747	1.69	0.592	42.755	-121.312
1.101	96.44	371	16	16	1500	90	1	-1.323	29.964	11.919	1.129	0.886	45.197	-94.98
1.334	20.75	1586	33	26	1500	94.889	0.416	-1.449	47.306	13.421	1.277	0.783	44.193	-112.237
0.419	93.69	331	18	18	1500	72.704	0.715	-1.384	34.781	12.453	1.197	0.835	45.207	-96.432
1.4	101.97	281	66	42	2500	84.327	0.51	-1.53	29.71	14.601	1.459	0.686	45.158	-93.671
2.056	99.15	308	76	44	3121	41.984	0.588	-1.757	29.979	16.537	1.424	0.702	45.107	-91.49
0.903	74.24	306	205	86	4500	79.682	0.429	-1.828	25.337	17.999	1.695	0.59	44.666	-84.134
1.838	34.7	1179	12	14	1500	0	0.73	-0.683	42.022	7.2	1.14	0.877	44.774	-106.958
4.525	117.96	235	30	24	2500	45	0.744	-1.422	22.575	13.086	1.236	0.809	43.174	-73.056
0.081	28.59	1525	26	22	1707	118.882	0.716	-1.482	40.374	13.441	1.217	0.821	44.523	-109.042
0.66	77.86	312	12	14	1500	90	0.73	-1.072	26.6	9.699	1.14	0.877	44.754	-85.18
4.389	99.46	104	35	28	2500	28.022	0.554	-1.485	25.971	13.661	1.335	0.749	43.313	-73.647
1.879	94.9	343	19	18	1500	12.821	0.775	-1.236	32.066	11.381	1.165	0.858	45.125	-94.537
3.505	108.44	299	12	14	1500	90	0.73	-1.161	28.275	10.363	1.14	0.877	45.121	-92.546
3.432	93.25	180	12	14	1500	90	0.73	-1.148	26.493	10.272	1.14	0.877	44.892	-87.882
0.823	9.72	136	40	34	1500	123.417	0.501	-1.42	22.457	13.525	1.517	0.659	42.076	-124.296
2.671	8.16	421	12	14	1500	0	0.73	-1.084	35.869	9.943	1.14	0.877	42.205	-123.63
3.121	81.58	372	15	16	1500	45	0.872	-1.179	25.954	10.956	1.166	0.858	44.699	-84.626
2.848	95.39	344	18	18	1500	0	0.478	-1.312	30.727	11.921	1.197	0.835	45.121	-95.059
1.555	89.45	610	250	114	4121	4.093	0.607	-1.773	35.465	17.831	2.034	0.492	45.102	-97.005
3.202	85.53	177	27	26	1500	33.615	0.503	-1.528	26.348	13.903	1.412	0.708	44.833	-87.381
7.408	9.73	1295	136	68	3535	116.665	0.623	-1.665	34.232	16.395	1.645	0.608	42.561	-121.904
2.423	7.55	823	12	14	1500	90	0.73	-1.285	44.547	11.282	1.14	0.877	43.62	-116.272
5.687	7.44	518	46	30	2500	3.546	0.493	-1.446	31.553	13.868	1.248	0.801	42.218	-123.297
1.08	100.56	281	12	14	1500	0	0.73	-1.544	30.23	13.15	1.14	0.877	45.067	-93.758
1.592	81.28	383	12	14	1500	0	0.73	-1.174	26.688	10.613	1.14	0.877	44.588	-84.702
5.979	104.56	145	20	18	1500	0	0.791	-1.292	26.181	11.693	1.136	0.881	42.93	-72.289
2.641	93.84	39	12	14	1500	0	0.73	-1.072	25.779	9.699	1.14	0.877	42.631	-70.658
2.94	81.36	196	59	34	3500	150.788	0.939	-1.603	27.41	15.128	1.249	0.801	44.708	-85.621
1.899	16.36	1750	36	26	2500	94.756	0.6	-1.499	36.936	13.999	1.223	0.818	43.638	-115.276
5.868	75.82	361	27	22	2121	156.71	0.734	-1.411	26.012	13.085	1.195	0.837	44.531	-84.197
2.715	112.52	232	31	24	2121	164.993	0.654	-1.468	23.25	13.6	1.216	0.822	43.06	-73.144
8.793	8.8	416	118	76	2707	64.218	0.244	-1.827	40.107	17.458	1.974	0.507	42.349	-122.855
0.994	101.43	315	15	16	1500	90	0.577	-1.251	28.576	11.194	1.166	0.858	44.929	-91.165
1.271	73.42	274	25	20	2500	90	1	-1.443	24.219	13.275	1.129	0.886	44.466	-83.828
3.006	72.83	186	49	32	2500	18.966	0.626	-1.791	25.184	16.331	1.29	0.775	44.437	-83.384
4.552	8.72	454	16	16	1500	90	1	-1.433	34.918	12.588	1.129	0.886	42.21	-123.056
5.227	95.72	363	12	14	1500	0	0.73	-1.174	27.933	10.613	1.14	0.877	44.931	-89.632
1.142	72.3	252	204	92	4535	61.13	0.429	-1.824	26.693	17.988	1.818	0.55	44.427	-83.651
1.569	78.14	371	25	24	1500	45.926	0.521	-1.273	25.541	12.037	1.354	0.738	44.531	-84.806
3.923	97.28	247	18	18	1500	156.891	0.72	-1.259	27.137	11.525	1.197	0.835	44.785	-88.61
2.347	76.64	344	12	14	1500	0	0.73	-1.072	25.503	9.699	1.14	0.877	44.504	-84.589
1.979	76.9	395	30	24	1707	128.42	0.752	-1.42	26.006	13.287	1.236	0.809	44.452	-84.224
2.425	104.82	152	37	26	2500	2.89	0.618	-1.582	25.175	14.581	1.206	0.829	42.865	-72.586
1.329	90.28	312	38	30	2121	83.413	0.54	-1.625	33.236	14.974	1.373	0.728	44.944	-95.702
0.226	73.77	323	12	14	1500	0	0.73	-1.113	27.184	10.175	1.14	0.877	44.543	-85.392
2.021	103.33	269	39	30	2121	19.032	0.516	-1.389	29.864	13.294	1.355	0.738	44.891	-91.894
1.933	96.91	86	12	14	1500	90	0.73	-1.285	27.502	11.282	1.14	0.877	42.654	-71.692
6.533	13.03	627	21	20	1500	11.049	0.58	-1.216	35.692	11.369	1.231	0.812	42.192	-122.719
4.524	79.24	544	38	32	1500	128.276	0.453	-1.472	34.586	13.871	1.465	0.683	44.915	-97.116
2.514	107.55	273	50	32	2707	102.134	0.761	-1.64	29.406	15.365	1.277	0.783	44.852	-92.623
3.923	101.09	86	15	16	1500	0	0.577	-1.179	26.477	10.956	1.166	0.858	43.171	-73.698
2.488	91.82	318	21	20	1500	0	0.408	-1.353	31.972	12.484	1.231	0.812	44.888	-94.37
3.682	81.76	111	50	40	2121	58.414	0.521	-1.712	27.038	15.757	1.596	0.626	43.451	-76.488
2.959	117.11	192	48	34	2121	128.361	0.591	-1.581	24.456	14.663	1.385	0.722	42.919	-73.23
5.306	102.2	305	28	22	1500	0	0.559	-1.45	30.894	13.25	1.173	0.852	44.836	-91.47
4.497	9.2	10	30	24	2121	45	0.741	-1.491	20.343	13.763	1.236	0.809	41.768	-124.187
1.005	82.44	543	12	14	1500	90	0.73	-1.113	34.58	10.175	1.14	0.877	44.832	-97.128
0.142	10.49	1689	16	16	1500	90	1	-1.186	42.868	10.755	1.129	0.886	42.347	-121.426
7.045	100.1	138	956	234	8535	116.708	0.667	-1.893	27.105	19.971	2.135	0.468	43.218	-75.433
1.056	82.55	342	25	20	2500	90	1	-1.553	36.124	13.945	1.129	0.886	44.8	-96.216
3.835	101.6	236	20	18	1500	90	0.791	-1.225	26.51	11.18	1.136	0.881	43.031	-74.359
3.29	76.74	291	15	16	1500	90	0.577	-1.107	25.15	10.107	1.166	0.858	44.274	-84.225
3.087	13.9	1481	30	24	2121	40.815	0.828	-1.422	34.378	13.086	1.236	0.809	42.053	-122.585
4.573	99.07	386	32	24	1500	90	0.488	-1.426	29.042	13.192	1.197	0.835	44.657	-90.169
2.461	77.31	266	56	38	2500	56.285	0.598	-1.557	27.669	14.841	1.433	0.698	44.41	-86.157
0.688	13.18	1264	22	20	1500	100.074	0.622	-1.345	30.937	12.309	1.203	0.831	41.972	-122.902
2.714	112.48	208	68	46	2500	114.253	0.487	-1.624	30.166	15.464	1.574	0.635	44.751	-92.832
1.434	74.67	384	12	14	1500	0	0.73	-1.124	24.696	10.245	1.14	0.877	44.287	-84.74
7.391	17.49	1484	25	22	1707	148.154	0.68	-1.401	33.309	12.808	1.242	0.805	43.816	-111.794
2.26	92.36	177	62	38	2500	9.062	0.658	-1.617	26.36	15.202	1.362	0.734	42.948	-74.185
2.589	106.23	318	43	28	2500	50.336	0.8	-1.57	25.801	14.591	1.205	0.83	42.578	-71.998
1.155	77.55	224	12	14	1500	0	0.73	-1.113	26.915	10.175	1.14	0.877	44.374	-86.035
0.235	76.45	264	15	16	1500	0	0.577	-1.4	26.095	12.295	1.166	0.858	44.222	-84.188
1.561	79.48	319	32	26	1500	166.765	0.481	-1.57	34.099	14.396	1.297	0.771	44.732	-95.577
2.69	103.05	242	119	66	3121	16.354	0.544	-1.709	28.33	16.636	1.707	0.586	44.512	-88.34
1.153	74.61	244	12	14	1500	90	0.73	-1.174	25.607	10.613	1.14	0.877	44.199	-84.049
2.131	54.28	1093	22	20	1707	45	0.792	-1.404	38.049	12.75	1.203	0.831	44.502	-103.869
5.433	106.89	166	28	26	1500	105.723	0.45	-1.547	25.807	14.068	1.386	0.721	42.568	-72.29
5.901	6.38	1251	20	20	1707	135	0.782	-1.384	41.914	12.384	1.262	0.792	42.202	-121.743
6.457	100.53	173	15	16	1500	90	0.577	-1.683	27.413	14.331	1.166	0.858	43.102	-75.276
3.891	110.85	122	30	26	1500	138.791	0.592	-1.534	26.239	14.016	1.339	0.747	43.014	-75.03
1.613	76.19	290	15	16	1500	135	0.872	-1.289	25.147	11.626	1.166	0.858	44.291	-85.78
4.618	93.55	10	76	46	2707	23.7	0.598	-1.818	25.707	17.015	1.489	0.672	42.243	-70.817
2.474	104.7	85	24	22	1500	113.318	0.603	-1.422	26.296	13.09	1.267	0.789	42.603	-72.553
4.774	115.96	256	22	22	1500	123.69	0.575	-1.345	29.826	12.309	1.323	0.756	44.993	-93.253
1.735	100.35	315	44	32	2500	112.1	0.716	-1.545	28.665	14.44	1.361	0.735	44.616	-92.534
2.188	97.34	150	98	50	3121	98.987	0.555	-1.823	28.797	17.194	1.425	0.702	42.928	-74.594
4.879	80.12	396	515	156	8500	159.466	0.664	-1.895	26.041	19.418	1.94	0.516	44.256	-85.409
4.927	91.07	192	19	18	1500	12.821	0.775	-1.412	28.653	12.699	1.165	0.858	44.477	-88.033
1.209	92.82	18	12	14	1500	0	0.73	-1.285	27.651	11.282	1.14	0.877	42.194	-70.76
1.827	102.41	216	21	22	1500	165.483	0.404	-1.399	31.663	12.762	1.355	0.738	44.629	-93.784
3.536	92.6	136	24	22	1500	153.264	0.664	-1.296	27.549	12.211	1.267	0.789	43.074	-75.756
1.961	56.44	1109	12	14	1500	90	0.73	-1.161	44.209	10.363	1.14	0.877	44.41	-103.493
0.584	71.81	236	95	50	3121	98.359	0.419	-1.808	26.576	17.15	1.447	0.691	44.1	-84.09
2.537	99.01	248	30	26	1707	144.914	0.544	-1.367	28.548	12.877	1.339	0.747	44.555	-92.535
3.833	98.02	329	23	20	1500	96.161	0.653	-1.4	29.322	12.897	1.177	0.85	44.49	-89.547
2.539	47.51	1273	19	18	1500	167.18	0.775	-1.399	48.321	12.607	1.165	0.858	44.286	-104.854
0.872	15.37	1467	12	14	1500	90	0.73	-0.683	34.613	7.2	1.14	0.877	43.603	-111.962
1.366	102.89	242	15	16	1500	0	0.577	-1.107	27.654	10.107	1.166	0.858	44.39	-88.814
2.315	81.09	180	35	28	1707	81.851	0.463	-1.434	26.225	13.304	1.335	0.749	44.243	-86.308
3.675	103.09	66	24	22	1500	168.114	0.498	-1.285	27.565	11.975	1.267	0.789	42.488	-72.602
1.748	41.73	1311	29	30	1707	50.395	0.358	-1.427	49.352	13.189	1.572	0.636	44.271	-104.943
3.759	53.76	1295	31	26	1707	122.485	0.557	-1.468	48.171	13.6	1.318	0.759	44.272	-104.781
0.005	55.41	1290	29	28	1500	123.926	0.421	-1.477	48.115	13.63	1.467	0.682	44.275	-104.682
0.436	95.04	201	61	36	2500	7.176	0.433	-1.592	30.269	15.149	1.301	0.769	44.338	-88.177
0.77	70.13	233	37	30	2500	158.017	0.516	-1.496	27.68	14	1.392	0.719	44.043	-84.028
2.106	90.45	286	24	20	2121	45	0.913	-1.445	32.399	13.11	1.152	0.868	44.546	-95.105
0.411	10.86	912	69	40	2500	98.139	0.561	-1.786	55.429	16.68	1.359	0.736	43.047	-115.864
0.298	36.61	1708	15	16	1500	45	0.872	-1.227	44.112	11.167	1.166	0.858	43.94	-108.654
1.396	87.84	360	29	22	2500	168.83	0.818	-1.508	35.414	13.865	1.153	0.868	44.544	-95.975
0.517	89.42	336	12	14	1500	0	0.73	-1.148	34.233	10.272	1.14	0.877	44.544	-95.654
1.191	91.77	324	345	110	5707	33.357	0.579	-1.763	34.449	17.886	1.671	0.598	44.543	-95.382
1.115	102.22	274	35	26	2500	146.511	0.73	-1.434	25.445	13.404	1.24	0.806	42.739	-74.146
0.786	69.35	23	764	188	9949	157.665	0.721	-1.92	27.914	20.001	1.919	0.521	41.943	-70.026
1.129	72.11	334	15	16	1500	135	0.872	-1.227	26.231	11.167	1.166	0.858	44.09	-85.05
2.445	103.34	255	21	20	1500	0	0.408	-1.383	28.165	12.558	1.231	0.812	44.343	-89.089
1.839	101.93	338	12	14	1500	90	0.73	-0.683	31.646	7.2	1.14	0.877	44.474	-93.404
3.46	111.93	214	24	20	1500	0	0.655	-1.421	28.585	13.083	1.152	0.868	44.443	-92.284
4.995	99.72	314	12	14	1500	0	0.73	-1.148	27.975	10.272	1.14	0.877	44.379	-89.811
1.122	71.9	376	70	36	3500	124.665	0.766	-1.714	25.453	16.13	1.214	0.824	44.068	-84.803
6.773	94.8	131	14	16	1500	135	0.742	-1.172	27.042	10.855	1.207	0.829	43.085	-76.15
1.922	71.23	244	39	30	1500	11.79	0.385	-1.444	28.073	13.558	1.355	0.738	44.002	-84.503
1.249	101.98	50	62	44	2121	116.417	0.505	-1.626	28.951	15.382	1.577	0.634	42.388	-72.614
3.398	101.88	318	159	58	5500	35.429	0.87	-1.707	32.667	16.844	1.298	0.77	44.447	-93.632
2.313	100.41	288	22	22	1500	118.043	0.628	-1.175	25.617	11.189	1.323	0.756	42.69	-74.42
2.851	89.67	252	16	16	1500	90	1	-1.292	25.934	11.698	1.129	0.886	42.671	-74.322
5.805	13.19	823	15	16	1500	0	0.577	-1.683	44.275	14.331	1.166	0.858	41.733	-122.629
2.158	100.84	277	38	26	2500	75.115	0.886	-1.643	31.667	14.994	1.19	0.84	44.446	-93.176
0.423	81.03	414	12	14	1500	0	0.73	-1.113	40.622	10.175	1.14	0.877	44.436	-97.953
3.633	80.84	170	39	28	2500	166.36	0.731	-1.6	29.767	14.686	1.265	0.79	43.244	-78.187
5.291	76.55	151	12	14	1500	0	0.73	-1.285	28.359	11.282	1.14	0.877	43.219	-77.935
0.716	83.78	149	38	28	2121	145.763	0.654	-1.633	29.864	14.982	1.282	0.78	43.086	-77.008
0.705	98.03	305	24	22	1500	8.13	0.484	-1.445	26.12	13.11	1.267	0.789	42.937	-76.049
3.938	103.01	50	44	28	2500	74.681	0.744	-1.735	27.522	15.842	1.191	0.84	42.374	-72.529
2.456	8.56	1230	12	14	1500	0	0.73	-1.174	33.554	10.613	1.14	0.877	41.943	-121.477
1.328	101.72	290	15	16	1500	90	0.577	-1.189	27.717	10.901	1.166	0.858	44.317	-89.907
3.943	5.64	809	20	18	1500	90	0.791	-1.327	49.577	12.262	1.136	0.881	42.959	-115.733
1.421	63.89	479	12	14	1500	0	0.73	-1.148	45.739	10.272	1.14	0.877	44.376	-100.333
1.109	69.25	188	799	278	6535	24.971	0.337	-1.777	28.761	18.881	2.775	0.36	43.899	-83.983
5.652	102.11	109	39	30	1707	3.145	0.576	-1.612	27.318	14.929	1.355	0.738	42.777	-73.919
6.658	14.47	1442	21	20	1500	78.951	0.58	-1.232	36.022	11.412	1.231	0.812	43.497	-112.019
3.02	89.15	354	12	14	1500	90	0.73	-1.063	35.715	9.943	1.14	0.877	44.443	-95.784
0.715	104.77	228	12	14	1500	90	0.73	-1.063	26.365	9.943	1.14	0.877	42.216	-72.007
0.255	6.43	870	22	20	1707	56.31	0.934	-1.404	50.875	12.75	1.203	0.831	42.969	-115.53
4.548	110.83	256	12	14	1500	0	0.73	-1.124	28.877	10.245	1.14	0.877	44.306	-90.844
2.483	82.98	165	12	14	1500	0	0.73	-1.174	30.052	10.613	1.14	0.877	43.217	-78.389
1.897	82.97	153	12	14	1500	0	0.73	-1.124	29.738	10.245	1.14	0.877	43.045	-77.127
4.212	115.24	330	22	22	1500	56.31	0.575	-1.487	22.433	13.365	1.323	0.756	42.455	-73.237
0.681	103.17	146	44	30	2121	129.486	0.658	-1.534	27.529	14.354	1.276	0.784	42.27	-72.413
1.19	33.69	1675	15	16	1500	45	0.872	-1.252	46.865	11.356	1.166	0.858	43.787	-108.561
1.838	45.84	1298	72	48	2500	125.311	0.399	-1.677	49.547	15.902	1.596	0.626	44.1	-104.647
1.485	77.04	391	28594	5518	26917	44.859	0.323	-1.996	42.275	24.25	9.208	0.109	44.363	-98.228
4.682	94.36	237	39	26	2500	24.932	0.811	-1.474	28.608	13.778	1.175	0.851	44.265	-88.399
5.261	100.16	220	12	14	1500	0	0.73	-1.174	28.054	10.613	1.14	0.877	42.929	-76.567
0.713	109.7	352	69	44	3500	136.734	0.688	-1.684	30.892	15.961	1.495	0.669	44.326	-92.775
0.913	106.15	305	23	20	1500	96.161	0.653	-1.365	27.737	12.482	1.177	0.85	44.212	-89.808
3.128	103.52	146	15	16	1500	0	0.577	-1.4	28.052	12.295	1.166	0.858	42.09	-71.665
2.939	86.15	199	16	16	1500	90	1	-1.433	28.546	12.588	1.129	0.886	44.113	-87.702
0.448	68.34	184	22	20	1500	0	0.661	-1.404	30.552	12.75	1.203	0.831	43.802	-83.985
0.841	75.24	92	37	30	1707	54.023	0.562	-1.621	27.409	14.872	1.392	0.719	43.253	-79.034
2.837	100.86	260	52	34	2500	13.665	0.587	-1.561	32.063	14.729	1.33	0.752	44.327	-93.97
1.637	109.2	304	18	18	1500	90	0.478	-1.384	30.303	12.453	1.197	0.835	44.297	-92.688
1.103	69.43	183	25	20	2500	90	1	-1.443	30.177	13.275	1.129	0.886	43.757	-83.411
1.921	100.64	92	41	28	2500	98.166	0.52	-1.663	28.084	15.306	1.234	0.81	42.455	-73.684
1.011	114.53	374	28	24	1500	6.707	0.438	-1.361	23.009	12.883	1.28	0.781	42.351	-73.275
1.407	96.58	34	20	22	1500	54.866	0.482	-1.438	29.333	12.932	1.388	0.72	41.896	-70.814
2.011	92.62	274	114	54	3707	119.047	0.775	-1.792	28.749	17.193	1.427	0.701	44.082	-87.891
2.743	65.61	304	15	16	1500	90	0.577	-1.168	25.372	10.57	1.166	0.858	43.895	-85.27
2.066	71.54	284	48	34	2500	133.799	0.604	-1.514	26.394	14.326	1.385	0.722	43.861	-84.867
1.081	13.96	1402	19	18	1500	77.18	0.775	-1.376	36.839	12.279	1.165	0.858	43.323	-112.194
5.17	96.66	271	170	74	4949	28.352	0.47	-1.741	32.02	17.12	1.601	0.624	44.317	-94.471
2.587	105.72	298	18	18	1500	156.891	0.72	-1.259	31.388	11.525	1.197	0.835	44.305	-93.28
3.525	86.37	170	92	60	2707	113.88	0.312	-1.644	28.125	15.799	1.765	0.567	42.979	-77.224
3.163	73.49	195	57	32	2500	84.311	0.595	-1.682	26.207	15.771	1.196	0.836	43.96	-86.417
2.866	99.15	23	23	20	1707	127.892	0.854	-1.4	28.429	12.897	1.177	0.85	41.889	-70.928
2.402	70.64	256	12	14	1500	90	0.73	-1.285	29.098	11.282	1.14	0.877	43.821	-84.761
6.525	83.43	155	16	16	1500	90	1	-1.323	28.335	11.919	1.129	0.886	43.14	-77.576
1.125	99.24	370	12	14	1500	90	0.73	-1.285	24.595	11.282	1.14	0.877	42.794	-76.128
2.087	71.35	324	23	22	1500	59.682	0.603	-1.4	27.003	12.897	1.294	0.773	43.879	-85.518
2.133	112.24	186	15	16	1500	0	0.577	-1.252	26.407	11.356	1.166	0.858	42.352	-73.595
3.002	103.32	106	31	28	1500	104.903	0.406	-1.501	28.938	13.79	1.419	0.705	42.151	-72.32
3.453	82.64	509	18	18	1500	162.704	0.715	-1.384	36.847	12.453	1.197	0.835	44.298	-96.778
3.539	85.04	187	57	34	2707	75.951	0.852	-1.638	28.181	15.419	1.271	0.787	43.158	-78.699
2.298	113.11	300	12	14	1500	0	0.73	-1.285	22.502	11.282	1.14	0.877	42.307	-73.258
1.708	5.23	1089	29	24	1707	57.476	0.926	-1.477	41.762	13.63	1.258	0.795	42.932	-114.705
1.126	63.72	266	18	18	1500	90	0.478	-1.214	25.134	11.179	1.197	0.835	43.905	-85.857
0.085	91.74	225	93	48	3500	78.537	0.472	-1.535	25.655	14.923	1.404	0.712	42.417	-74.045
2.106	109.34	209	49	36	2500	151.41	0.56	-1.524	26.844	14.352	1.451	0.689	42.091	-72.029
2.055	12.94	1365	18	18	1500	90	0.478	-1.384	36.835	12.453	1.197	0.835	43.228	-112.42
0.172	100.86	306	21	20	1707	142.018	0.706	-1.277	31.773	11.755	1.231	0.812	44.231	-94.13
2.59	112.08	302	28	28	1500	30.848	0.401	-1.32	30.155	12.41	1.493	0.67	44.201	-92.636
1.807	86.97	151	26	22	1500	83.307	0.543	-1.482	27.613	13.441	1.217	0.821	42.884	-76.99
2.899	56.61	986	12	14	1500	90	0.73	-1.085	47.201	9.971	1.14	0.877	44.087	-103.189
0.124	100.46	44	20	18	1500	0	0.791	-1.324	27.941	12.101	1.136	0.881	42.32	-73.725
4.674	8.9	1092	15	16	1500	0	0.577	-1.251	48.076	11.194	1.166	0.858	41.553	-122.275
0.076	90.12	210	12	14	1500	0	0.73	-1.285	26.314	11.282	1.14	0.877	42.366	-74.019
2.591	12.76	1367	26	22	1707	152.523	0.742	-1.463	37.989	13.453	1.217	0.821	43.198	-112.348
2.72	22.34	1361	12	14	1500	0	0.73	-1.285	46.76	11.282	1.14	0.877	43.649	-108.228
2.784	87.16	276	40	28	2500	19.493	0.665	-1.686	28.346	15.409	1.249	0.801	43.008	-78.16
2.833	93.16	210	26	22	1707	156.804	0.718	-1.446	25.867	13.195	1.217	0.821	42.879	-77.27
1.95	99.14	154	23	20	1707	127.892	0.854	-1.401	27.35	12.907	1.177	0.85	42.072	-71.887
0.779	84.02	520	15	16	1500	0	0.577	-1.179	36.681	10.956	1.166	0.858	44.196	-97.419
5.017	97.19	229	15	16	1500	45	0.872	-1.179	28.003	10.956	1.166	0.858	44.029	-88.56
1.292	68.34	195	12	14	1500	90	0.73	-1.072	26.358	9.699	1.14	0.877	43.679	-84.388
4.167	100.25	235	16	16	1500	90	1	-1.323	32.193	11.919	1.129	0.886	44.165	-94.005
1.88	86.44	249	88	38	4500	13.483	0.894	-1.673	27.79	15.901	1.143	0.875	42.88	-77.73
4.178	99.42	45	119	62	3535	147.191	0.552	-1.858	28.227	17.764	1.604	0.624	42.256	-73.777
4.799	101.17	236	17	18	1500	65.098	0.651	-1.285	28.321	11.685	1.232	0.812	43.963	-88.954
5.415	106.66	363	129	54	4949	153.358	0.823	-1.822	24.745	17.515	1.342	0.745	42.459	-75.068
1.672	92.18	217	12	14	1500	90	0.73	-1.063	26.138	9.943	1.14	0.877	42.738	-76.862
3.598	100.47	521	915	256	10191	105.79	0.611	-1.884	22.382	19.892	2.388	0.419	42.305	-74.225
1.763	97.66	249	150	70	3500	86.2	0.462	-1.732	26.727	16.933	1.613	0.62	41.957	-72.279
3.33	110.88	264	30	24	1500	85.183	0.48	-1.449	28.385	13.316	1.236	0.809	44.017	-90.691
1.943	116.5	273	19	20	1500	71.565	0.502	-1.247	26.697	11.666	1.295	0.772	44.005	-90.051
2.547	66.72	194	12	14	1500	0	0.73	-1.544	29.763	13.15	1.14	0.877	43.632	-84.218
0.93	72.64	278	12	14	1500	0	0.73	-1.285	27.65	11.282	1.14	0.877	43.669	-84.939
3.6	66.45	182	181	78	4535	131.937	0.747	-1.796	30.1	17.644	1.636	0.611	43.604	-83.901
2.98	112.9	351	15	16	1500	135	0.872	-0.821	31.385	8.381	1.166	0.858	44.086	-93.23
2.584	110.45	349	37	26	2500	83.731	0.844	-1.527	29.016	14.098	1.206	0.829	44.045	-92.011
2.186	111.72	287	25	26	1500	35.538	0.443	-1.449	27.994	13.263	1.467	0.682	43.997	-90.483
3.205	93.69	1	16	16	1500	90	1	-1.281	25.505	11.461	1.129	0.886	41.657	-70.831
1.464	109.99	351	55	36	2500	98.798	0.585	-1.681	31.766	15.653	1.37	0.73	44.076	-93.506
7.226	96.99	350	12	14	1500	0	0.73	-1.174	26.329	10.613	1.14	0.877	42.598	-76.192
2.687	76.23	218	15	16	1500	0	0.577	-1.289	30.388	11.626	1.166	0.858	43.488	-83.391
1.011	86.37	3	26	22	1707	23.196	0.718	-1.364	27.744	12.552	1.217	0.821	42.205	-73.856
1.997	13.65	1474	16	16	1500	90	1	-1.196	31.338	10.822	1.129	0.886	41.253	-122.89
5.223	70.49	234	15	16	1500	90	0.577	-1.4	28.892	12.295	1.166	0.858	43.6	-84.755
2.325	115.73	394	19	18	1500	77.18	0.775	-1.236	31.295	11.381	1.165	0.858	44.024	-92.823
4.802	74.29	283	12	14	1500	90	0.73	-1.285	26.378	11.282	1.14	0.877	43.672	-85.475
1.016	68.15	190	16	18	1500	63.938	0.581	-1.165	31.524	10.74	1.27	0.788	43.534	-84.122
1.834	79.92	18	55	38	2500	118.744	0.497	-1.567	28.406	14.855	1.446	0.692	41.704	-70.149
4.69	110.08	247	62	34	3121	176.142	0.681	-1.699	28.31	15.782	1.218	0.821	43.961	-90.761
2.795	101.32	107	22	20	1707	146.31	0.934	-1.358	27.98	12.552	1.203	0.831	41.802	-71.875
3.467	114.4	300	20	18	1500	90	0.791	-1.257	30.993	11.573	1.136	0.881	44.031	-92.471
2.194	85.1	227	31	26	1707	163.02	0.541	-1.563	25.826	14.168	1.318	0.759	42.659	-77.065
0.206	99.15	329	40	30	2121	17.426	0.502	-1.732	33.939	15.687	1.338	0.747	44.008	-94.668
1.799	75.4	231	30	26	1707	169.45	0.553	-1.513	27.796	13.792	1.339	0.747	43.683	-86.387
2.367	114.03	251	226	90	5535	169.116	0.818	-1.812	25.633	17.988	1.689	0.592	42.035	-73.316
4.831	94.26	39	12	14	1500	0	0.73	-1.544	27.739	13.15	1.14	0.877	41.661	-70.941
0.259	75.11	298	50	42	1500	85.121	0.294	-1.489	27.321	14.246	1.676	0.597	43.584	-85.318
3.531	80.45	513	103	52	3500	103.989	0.715	-1.683	37.464	16.207	1.446	0.692	43.994	-97.129
3.443	4.95	1124	56	36	2500	71.565	0.448	-1.673	38.857	15.573	1.357	0.737	42.696	-114.531
2.838	86.26	522	42	28	2500	135	0.803	-1.502	36.262	14.035	1.219	0.82	43.979	-96.315
1.925	100.02	326	46	34	2500	90	0.343	-1.608	32.805	15.034	1.415	0.707	43.963	-94.619
4.649	92.48	230	98	54	3121	90.044	0.346	-1.656	29.531	15.992	1.539	0.65	43.776	-88.452
6.037	5.55	83	75	44	3500	146.174	0.594	-1.74	22.873	16.369	1.434	0.698	40.925	-124.092
2.258	79.23	200	22	20	2121	135	0.904	-1.487	28.897	13.365	1.203	0.831	43.749	-87.758
5.013	10.28	1073	12	14	1500	90	0.73	-1.544	33.727	13.15	1.14	0.877	41.291	-122.31
4.038	73.3	186	130	70	3500	96.764	0.49	-1.677	30.042	16.422	1.732	0.577	43.44	-83.98
2.143	93.05	281	30	24	1707	14.474	0.62	-1.441	27.007	13.315	1.236	0.809	42.778	-78.623
0.129	118.7	377	22	20	1500	90	0.661	-1.264	31.686	11.536	1.203	0.831	43.876	-93.327
1.7	78.16	195	16	16	1500	90	1	-1.292	30.125	11.698	1.129	0.886	43.334	-83.723
5.073	100.86	89	12	14	1500	90	0.73	-1.285	27.667	11.282	1.14	0.877	41.721	-72.23
0.519	5.94	1034	91	60	2500	113.316	0.728	-1.605	34.916	15.647	1.775	0.563	41.251	-122.154
5.392	18.91	1364	64	42	2707	84.419	0.445	-1.606	41.488	15.216	1.481	0.675	42.915	-112.457
0.81	72.16	239	32	24	2500	116.401	0.913	-1.507	27.83	13.771	1.197	0.835	43.54	-86.364
1.76	103.69	65	60	38	2500	81.447	0.493	-1.627	27.09	15.276	1.384	0.722	41.997	-73.873
9.124	5.39	37	89	44	3500	89.571	0.555	-1.615	21.936	15.616	1.316	0.76	40.786	-124.153
2.588	85.78	210	23	24	1500	62.628	0.452	-1.277	28.222	11.95	1.412	0.708	43.621	-87.796
1.523	71.11	223	33	28	1707	27.267	0.464	-1.39	30.107	12.973	1.375	0.727	43.398	-84.636
4.688	94.35	77	22	20	1500	0	0.661	-1.358	27.412	12.552	1.203	0.831	42.33	-71.293
3.325	75.67	9	12	14	1500	90	0.73	-1.174	28.445	10.613	1.14	0.877	41.268	-70.091
1.858	13.08	1328	12	14	1500	0	0.73	-1.148	38.162	10.272	1.14	0.877	42.779	-112.868
4.522	92.72	243	27	22	2121	172.809	0.795	-1.499	26.028	13.597	1.195	0.837	42.45	-76.481
4.047	84.97	60	26	24	1500	38.973	0.561	-1.574	27.993	14.123	1.328	0.753	41.536	-71.272
1.879	82.31	12	70	44	2500	72.742	0.39	-1.684	26.481	15.898	1.484	0.674	41.373	-70.617
2.566	44.98	1837	39	26	2500	3.369	0.618	-1.53	43.454	14.065	1.175	0.851	43.399	-107.002
0.925	72.77	397	33	26	1707	118.1	0.663	-1.568	39.915	14.399	1.277	0.783	43.842	-98.048
6.44	109.86	198	12	14	1500	0	0.73	-1.285	27.85	11.282	1.14	0.877	43.855	-91.239
1.86	72.81	242	24	22	1500	171.87	0.484	-1.532	28.66	13.76	1.267	0.789	43.466	-85.95
0.282	72.71	183	37	32	1500	55.994	0.443	-1.362	29.298	13.055	1.484	0.674	43.339	-84.166
7.669	5.3	1118	15	16	1500	0	0.577	-1.289	40.236	11.626	1.166	0.858	42.579	-114.463
1.771	20.69	1367	12	14	1500	0	0.73	-1.113	42.149	10.175	1.14	0.877	42.815	-112.404
6.187	98.27	220	34	26	1707	100.312	0.526	-1.474	26.193	13.823	1.258	0.795	42.555	-77.692
1.292	96.16	45	61	42	2500	91.058	0.48	-1.58	27.428	15.067	1.517	0.659	41.606	-71.963
1.586	5.59	1335	12	14	1500	0	0.73	-1.544	49.039	13.15	1.14	0.877	41.489	-120.546
0.932	26.34	2387	15	16	1500	135	0.872	-1.227	33.043	11.167	1.166	0.858	43.076	-110.039
2.307	88.1	216	12	14	1500	0	0.73	-1.113	27.873	10.175	1.14	0.877	43.574	-87.827
0.586	76.67	279	12	14	1500	90	0.73	-1.174	28.559	10.613	1.14	0.877	43.423	-85.448
0.837	24.33	1682	33	26	2500	35.413	0.652	-1.461	49.423	13.659	1.277	0.783	43.298	-107.641
0.163	123.99	376	18	18	1500	0	0.478	-1.247	31.697	11.282	1.197	0.835	43.796	-93.158
4.651	104.68	281	16	16	1500	90	1	-0.861	29.169	8.723	1.129	0.886	43.623	-88.737
1.164	94.71	60	54	34	3121	76.515	0.658	-1.671	26.661	15.652	1.306	0.766	41.561	-71.873
4.555	114.65	326	12	14	1500	90	0.73	-1.174	25.86	10.613	1.14	0.877	41.823	-73.089
1.716	43.66	1432	21	22	1500	104.517	0.404	-1.399	50.849	12.762	1.355	0.738	43.453	-105.5
1.296	76.89	267	15	16	1500	0	0.577	-1.18	27.814	10.814	1.166	0.858	43.377	-85.501
0.698	102.63	143	14	16	1500	45	0.742	-1.254	27.742	11.312	1.207	0.829	41.665	-72.447
1.112	92.88	34	12	14	1500	90	0.73	-1.161	27.488	10.363	1.14	0.877	41.505	-71.714
0.361	8.1	1290	21	20	1500	0	0.408	-1.325	33.779	12.127	1.231	0.812	41.058	-122.433
2.284	6.01	655	18	18	1500	90	0.478	-1.259	33.876	11.525	1.197	0.835	41.084	-122.355
2.148	3.82	1305	18	18	1500	90	0.478	-1.384	35.512	12.453	1.197	0.835	41.217	-121.719
5.463	107.91	46	34	30	1500	132.915	0.479	-1.359	26.817	12.735	1.452	0.689	41.949	-74.01
0.597	34.49	1472	41	32	2121	109.865	0.573	-1.484	51.543	13.958	1.41	0.709	43.4	-106.284
5.595	91.29	16	22	20	1707	135	0.792	-1.264	24.465	11.536	1.203	0.831	41.458	-71.494
1.929	7.44	1267	51	30	3121	150.822	0.817	-1.544	36.161	14.486	1.185	0.844	42.603	-113.676
2.058	70.74	181	12	14	1500	0	0.73	-1.285	26.612	11.282	1.14	0.877	43.416	-86.33
1.689	92.04	140	12	14	1500	0	0.73	-1.544	26.401	13.15	1.14	0.877	42.34	-76.84
2.559	6.47	1333	12	14	1500	90	0.73	-1.113	48.376	10.175	1.14	0.877	41.402	-120.546
7.624	83.59	196	950	290	9707	93.916	0.523	-1.818	27.376	19.35	2.655	0.377	42.918	-78.82
0.533	72.23	446	47	36	2121	31.069	0.518	-1.496	39.157	14.11	1.482	0.675	43.711	-98.406
2.071	101.84	164	50	34	2121	92.621	0.479	-1.784	27.404	16.144	1.357	0.737	41.559	-72.288
6.456	7.14	1268	29	28	1500	43.864	0.481	-1.41	35.464	13.173	1.467	0.682	42.533	-113.781
0.479	105.77	60	12	14	1500	0	0.73	-1.174	26.981	10.613	1.14	0.877	41.843	-73.916
2.031	122.78	277	23	20	1500	96.161	0.653	-1.425	24.559	12.934	1.177	0.85	41.729	-73.212
1.182	11.67	1541	21	20	1500	45	0.75	-1.308	48.698	12.147	1.231	0.812	42.318	-115.124
1.343	88.46	0	25	20	2500	90	1	-1.401	27.737	12.808	1.129	0.886	41.385	-71.511
0.552	123.67	380	40	30	2121	153.046	0.649	-1.544	32.648	14.41	1.338	0.747	43.675	-93.148
1.676	70.58	397	500	152	6949	102.448	0.411	-1.912	41.264	19.518	1.918	0.521	43.708	-98.032
0.143	96.95	462	153	84	4121	91.926	0.308	-1.987	33.342	18.996	1.916	0.522	43.694	-95.153
1.9	107.04	276	12	14	1500	90	0.73	-1.084	28.415	9.943	1.14	0.877	43.585	-89.785
0.936	110.53	70	41	28	2500	82.221	0.708	-1.559	27.064	14.585	1.234	0.81	41.853	-74.092
2.641	122.52	368	46	30	2500	107.643	0.588	-1.56	32.279	14.612	1.248	0.801	43.665	-92.975
1.616	104.37	115	171	88	3707	14.505	0.448	-1.759	29.084	17.348	1.899	0.527	41.568	-72.516
6.393	4.35	37	38	28	2121	13.794	0.66	-1.522	25.247	14.21	1.282	0.78	40.571	-124.135
2.676	57.99	1029	18	18	1500	0	0.478	-1.236	41.844	11.212	1.197	0.835	43.466	-103.333
1.296	80.91	448	15	16	1500	0	0.577	-1.252	36.479	11.356	1.166	0.858	43.668	-96.71
0.376	78.38	271	105	60	3121	105.373	0.355	-1.703	28.644	16.431	1.652	0.605	43.247	-85.571
1.982	111.63	123	12	14	1500	0	0.73	-1.544	27.318	13.15	1.14	0.877	41.756	-73.788
2.3	105.51	356	39	32	1707	104.523	0.587	-1.521	31.675	14.218	1.446	0.692	43.664	-94.472
0.453	109.73	338	12	14	1500	0	0.73	-1.174	32.187	10.613	1.14	0.877	43.649	-94.195
1.511	114.92	337	63	42	2707	50.858	0.5	-1.573	31.899	14.938	1.493	0.67	43.64	-93.915
2.563	114.27	366	33	28	1707	138.129	0.656	-1.453	29.522	13.539	1.375	0.727	43.552	-90.87
2.049	110.85	279	492	196	4707	2.65	0.832	-1.892	30.061	19.442	2.493	0.401	43.475	-88.816
0.833	106.43	353	12	14	1500	90	0.73	-1.124	31.367	10.245	1.14	0.877	43.638	-94.389
0.622	111.7	331	45	32	2500	76.939	0.706	-1.597	31.698	14.821	1.346	0.743	43.647	-94.058
2.151	90.46	438	12	14	1500	0	0.73	-1.124	34.229	10.245	1.14	0.877	43.634	-96.193
0.812	89.71	483	20	18	1500	90	0.791	-1.384	33.673	12.384	1.136	0.881	43.625	-95.913
3.795	100.32	277	681	168	8949	54.77	0.64	-1.927	28.27	19.902	1.817	0.551	43.426	-88.182
3.051	88.44	258	15	16	1500	45	0.872	-1.289	29.009	11.626	1.166	0.858	43.046	-83.325
6.94	103.76	262	44	32	2500	56.956	0.628	-1.545	26.365	14.513	1.361	0.735	42.11	-75.937
1.012	127.88	243	29	26	1500	16.65	0.465	-1.385	25.868	12.94	1.362	0.734	41.633	-73.3
2.326	87.65	481	12	14	1500	90	0.73	-1.174	34.069	10.613	1.14	0.877	43.625	-95.602
5.906	113.5	270	12	14	1500	0	0.73	-1.148	27.564	10.272	1.14	0.877	43.47	-89.755
3.772	79.51	272	12	14	1500	90	0.73	-1.029	28.388	9.556	1.14	0.877	43.177	-85.265
2.36	105.63	108	15	16	1500	0	0.577	-1.227	26.17	11.167	1.166	0.858	41.792	-74.282
2.442	109.4	81	1762	382	12363	100.403	0.963	-1.677	27.058	18.526	2.568	0.389	41.756	-74.076
1.801	25.41	2176	15	16	1500	0	0.577	-1.12	39.009	10.384	1.166	0.858	42.845	-109.868
1.329	123.02	376	12	14	1500	0	0.73	-1.174	31.491	10.613	1.14	0.877	43.653	-93.38
0.514	97.04	394	24	22	1500	26.736	0.664	-1.383	23.536	12.648	1.267	0.789	42.098	-76.484
1.606	100.87	273	23	20	1707	142.108	0.854	-1.365	29.094	12.482	1.177	0.85	43.325	-88.167
6.924	87.75	299	25	20	2500	90	1	-1.553	25.316	13.945	1.129	0.886	42.165	-76.855
1.967	26.63	1830	15	16	1500	90	0.577	-1.4	35.973	12.295	1.166	0.858	42.566	-112.007
2.075	106.16	303	19	18	1500	102.821	0.775	-1.27	28.585	11.493	1.165	0.858	43.319	-88.368
2.374	80.52	249	51	40	2121	38.437	0.455	-1.614	28.106	15.138	1.58	0.633	43.097	-85.238
2.607	77.79	227	249	88	6535	21.191	0.624	-1.84	33.713	18.296	1.574	0.635	43.005	-84.152
6.034	93.77	297	1006	222	12777	63.877	0.757	-1.981	24.286	20.74	1.975	0.506	42.151	-77.088
0.061	110.57	346	20	18	1500	90	0.791	-1.438	32.479	12.932	1.136	0.881	43.501	-94.218
1.718	82.01	184	12	14	1500	0	0.73	-1.174	29.082	10.613	1.14	0.877	42.979	-82.452
5.867	99.59	199	15	16	1500	45	0.872	-1.189	26.413	10.901	1.166	0.858	42.459	-79.338
2.539	87.09	32	23	20	1500	83.839	0.653	-1.314	27.041	12.094	1.177	0.85	41.349	-72.015
1.462	105.47	276	26	22	2121	60.533	0.709	-1.364	27.098	12.552	1.217	0.821	43.357	-89.746
5.945	91.47	264	19	18	1500	12.821	0.775	-1.27	25.355	11.493	1.165	0.858	42.092	-76.817
0.745	87.72	225	37	26	2500	99.679	0.781	-1.466	32.36	13.62	1.206	0.829	42.815	-82.755
3.699	80.07	429	24	22	1500	171.87	0.484	-1.331	36.561	12.253	1.267	0.789	43.541	-96.713
1.065	79.94	236	44	30	2707	123.668	0.743	-1.781	32.665	16.12	1.276	0.784	42.922	-83.956
0.978	96.6	208	36	26	1500	0	0.433	-1.631	25.052	14.931	1.223	0.818	42.408	-79.422
2.343	87.65	20	27	28	1500	48.807	0.424	-1.441	27.697	13.25	1.52	0.658	41.29	-72.408
0.497	18.11	1649	12	14	1500	0	0.73	-1.544	41.283	13.15	1.14	0.877	42.829	-108.738
8.462	93.79	242	27	24	1500	36.65	0.613	-1.499	24.728	13.597	1.303	0.767	41.992	-76.526
0.806	85.44	436	5219	752	26261	42.565	0.791	-1.898	33.804	21.606	2.937	0.34	43.441	-96.447
2.266	82.56	236	15	16	1500	90	0.577	-1.227	29.154	11.167	1.166	0.858	42.991	-85.061
2.54	90.43	408	12	14	1500	0	0.73	-1.124	33.91	10.245	1.14	0.877	43.437	-96.168
3.7	103.16	233	12	14	1500	90	0.73	-0.97	26.5	8.918	1.14	0.877	43.273	-89.732
0.1	79	256	18	18	1500	17.296	0.715	-1.384	31.03	12.453	1.197	0.835	42.874	-84.054
2.868	82.1	178	24	20	1500	90	0.655	-1.371	29.312	12.405	1.152	0.868	42.732	-82.522
0.682	118.57	561	32	24	2500	13.532	0.69	-1.577	22.608	14.299	1.197	0.835	42.264	-78.676
0.154	75.72	483	21	20	1500	0	0.408	-1.383	44.786	12.558	1.231	0.812	43.379	-98.865
4.052	107.65	482	16	16	1500	90	1	-1.134	25.343	10.347	1.129	0.886	41.653	-74.704
0.72	52.07	1148	15	16	1500	90	0.577	-1.683	51.76	14.331	1.166	0.858	43.179	-103.939
0.463	122.36	357	31	24	2121	90.828	0.713	-1.426	32.312	13.352	1.216	0.822	43.397	-92.961
3.859	107.78	280	41	30	2121	154.032	0.741	-1.451	28.041	13.737	1.322	0.756	43.235	-89.354
0.589	96.54	449	24	20	2121	45	0.913	-1.422	32.131	13.09	1.152	0.868	43.416	-95.101
3.874	114.44	252	15	16	1500	135	0.872	-1.252	29.206	11.356	1.166	0.858	43.192	-88.732
2.101	109.57	276	39	36	1500	156.875	0.505	-1.474	30.679	13.778	1.627	0.615	43.303	-91.783
2.676	64.34	181	12	14	1500	0	0.73	-0.683	27.264	7.2	1.14	0.877	43.188	-86.195
0.085	91.73	463	12	14	1500	0	0.73	-0.683	34.355	7.2	1.14	0.877	43.36	-95.604
1.123	81.84	221	12	14	1500	0	0.73	-1.285	28.117	11.282	1.14	0.877	42.943	-85.337
1.942	78.92	269	22	20	1707	135	0.792	-1.487	29.703	13.365	1.203	0.831	42.827	-84.235
3.244	99.25	225	40	28	2707	142.859	0.871	-1.532	24.956	14.322	1.249	0.801	42.316	-79.587
2.875	82.58	201	55	36	2500	147.53	0.571	-1.796	29.905	16.502	1.37	0.73	42.963	-85.93
2.177	5.34	1058	19	18	1500	12.821	0.775	-1.337	36.253	12.144	1.165	0.858	40.42	-123.23
2.957	105.59	123	451	184	4535	27.003	0.557	-1.706	28.133	17.643	2.445	0.409	41.506	-74.232
0.825	43.77	1469	189	90	4500	97.711	0.325	-1.583	50.915	15.908	1.847	0.541	43.005	-105.16
4.771	111.73	49	31	24	1707	79.805	0.624	-1.306	26.329	12.468	1.216	0.822	41.596	-73.906
0.128	4.2	203	21	20	1707	90	0.942	-1.188	49.812	10.927	1.231	0.812	40.63	-122.263
2.184	115.97	8	12	14	1500	0	0.73	-1.161	26.716	10.363	1.14	0.877	41.408	-73.944
1.56	83.79	384	20	18	1500	0	0.791	-1.431	36.305	12.878	1.136	0.881	43.288	-96.57
3.719	82.68	234	16	16	1500	90	1	-1.433	29.361	12.588	1.129	0.886	42.975	-83.706
1.288	118.07	350	509	132	8777	9.606	0.859	-1.89	33.887	19.374	1.651	0.606	43.241	-93.197
2.641	106.35	250	12	14	1500	90	0.73	-1.174	27.289	10.613	1.14	0.877	43.078	-88.889
1.568	76.02	187	33	26	1707	124.838	0.691	-1.697	26.432	15.206	1.277	0.783	42.92	-86.18
6.781	110.71	436	20	18	1500	0	0.791	-1.327	24.389	12.262	1.136	0.881	42.085	-78.44
1.319	105.04	399	21	20	1500	0	0.408	-1.216	32.946	11.369	1.231	0.812	43.256	-94.707
1.745	113.71	372	33	26	1500	85.111	0.416	-1.467	33.895	13.554	1.277	0.783	43.266	-93.637
0.118	105.53	127	26	26	1500	68.368	0.416	-1.482	27.622	13.441	1.439	0.695	41.407	-74.16
3.223	89.47	233	150	66	4121	3.961	0.572	-1.811	25.632	17.612	1.521	0.658	41.766	-76.426
2.264	102.71	137	38	32	1707	173.22	0.364	-1.633	29.456	14.982	1.465	0.683	41.401	-74.33
0.972	28.3	1447	12	14	1500	90	0.73	-1.544	43.838	13.15	1.14	0.877	42.206	-112.256
0.87	33.09	1571	20	18	1500	0	0.791	-1.384	47.95	12.384	1.136	0.881	42.842	-106.34
0.628	29.33	1531	40	30	1707	135.639	0.565	-1.54	49.012	14.159	1.338	0.747	42.849	-105.87
3.192	104.87	267	12	14	1500	90	0.73	-1.148	26.768	10.272	1.14	0.877	43.001	-88.476
5.057	81.88	219	15	16	1500	45	0.872	-1.4	28.803	12.295	1.166	0.858	42.95	-85.654
3.729	101.11	246	21	20	1500	101.049	0.58	-1.463	26.186	13.153	1.231	0.812	42.215	-79.822
2.598	104.32	245	21	20	1707	38.953	0.839	-1.463	27.767	13.153	1.231	0.812	43.007	-88.816
1.866	78.07	275	12	14	1500	90	0.73	-1.174	29.774	10.613	1.14	0.877	42.663	-84.079
1.152	96.81	330	150	78	3535	36.443	0.607	-1.66	24.078	16.349	1.797	0.556	41.507	-75.037
4.99	102.1	158	28	24	1707	125.538	0.84	-1.457	27.09	13.392	1.28	0.781	41.438	-74.414
2.588	3.89	234	18	18	1500	107.296	0.715	-1.312	47.557	11.921	1.197	0.835	40.453	-122.419
0.438	5.7	1400	25	22	1707	3.48	0.767	-1.401	34.587	12.808	1.242	0.805	40.314	-123.106
0.662	98.01	447	22	20	1707	40.583	0.767	-1.207	34.398	11.093	1.203	0.831	43.19	-95.506
4.12	104.59	156	12	14	1500	90	0.73	-1.048	28.03	9.666	1.14	0.877	41.357	-74.289
0.705	86.23	374	12	14	1500	90	0.73	-1.148	34.765	10.272	1.14	0.877	43.19	-96.47
5.313	111.43	421	71	38	3500	1.027	0.86	-1.759	24.747	16.528	1.273	0.786	42.111	-79.245
0.82	22.02	2187	23	20	2121	90	0.992	-1.255	46.33	11.68	1.177	0.85	42.45	-109.714
3.423	117.21	349	23	20	1500	173.839	0.653	-1.293	34.477	11.968	1.177	0.85	43.143	-93.217
5.708	112.05	188	85	46	3500	30.899	0.57	-1.737	25.577	16.442	1.408	0.71	41.326	-74.172
4.592	3.44	158	24	20	1500	90	0.655	-1.421	45.768	13.083	1.152	0.868	40.545	-122.348
3.889	104.42	338	39	36	1707	90.371	0.442	-1.369	27.866	13.085	1.627	0.615	43.048	-89.507
1.916	117.91	373	12	14	1500	0	0.73	-1.063	33.259	9.943	1.14	0.877	43.127	-93.377
0.542	118.51	324	16	16	1500	90	1	-1.257	34.143	11.434	1.129	0.886	43.13	-93.001
3.937	98.54	200	15	16	1500	135	0.872	-1.683	28.483	14.331	1.166	0.858	43.047	-91.136
0.716	23.37	2391	45	30	2707	154.404	0.918	-1.711	39.624	15.681	1.262	0.792	42.353	-110.281
1.521	102.7	408	18	18	1500	0	0.478	-1.312	34.499	11.921	1.197	0.835	43.157	-95.165
6.859	103.49	128	79	44	2707	178.455	0.762	-1.726	24.981	16.374	1.397	0.716	41.368	-74.694
3.574	78.77	255	30	24	1707	83.302	0.645	-1.524	30.161	14.005	1.236	0.809	42.725	-84.552
6.059	83.24	31	18	18	1500	90	0.478	-1.365	23.781	12.321	1.197	0.835	40.978	-72.235
4.275	85.28	188	411	192	3707	51.866	0.265	-1.787	27.825	18.334	2.672	0.374	42.809	-86.102
0.594	81.56	282	18	18	1500	72.704	0.715	-1.273	29.976	11.784	1.197	0.835	42.624	-84.728
0.35	2.62	139	19	18	1500	167.18	0.775	-1.148	49.64	10.745	1.165	0.858	40.38	-122.305
2.282	120.82	308	14	16	1500	135	0.742	-1.068	32.918	9.783	1.207	0.829	43.059	-92.674
0.609	76.98	271	255	98	4535	49.894	0.456	-1.863	29.051	18.524	1.732	0.577	42.563	-84.05
2.171	103.01	320	19	18	1500	77.18	0.775	-1.36	24.869	12.172	1.165	0.858	41.546	-75.955
1.289	84.01	439	28	22	2121	106.206	0.778	-1.492	37.401	13.72	1.173	0.852	43.094	-96.785
1.58	100.66	294	29	24	1707	107.527	0.602	-1.519	26.63	13.949	1.258	0.795	42.888	-88.371
4.851	95.93	256	35	26	1500	88.048	0.436	-1.49	27.369	13.887	1.24	0.806	43.078	-88.114
1.393	85.11	239	33	28	1500	30.289	0.49	-1.399	28.187	13.142	1.375	0.727	42.651	-85.322
1.458	101.09	265	15	16	1500	90	0.577	-1.179	29.052	10.956	1.166	0.858	42.915	-89.222
2.702	109.38	386	24	20	1500	0	0.655	-1.328	28.038	12.376	1.152	0.868	41.493	-75.701
2.287	103.81	185	15	16	1500	90	0.577	-1.289	27.333	11.626	1.166	0.858	41.262	-74.372
6.536	4.97	1105	12	14	1500	90	0.73	-1.124	40.599	10.245	1.14	0.877	40.476	-121.769
2.631	92.91	436	38	26	2500	14.886	0.886	-1.508	33.379	14.026	1.19	0.84	43.074	-96.167
0.883	104.06	432	27	22	2121	66.024	0.766	-1.523	32.722	13.624	1.195	0.837	43.056	-94.914
0.748	113.54	349	26	22	2121	16.174	0.798	-1.505	34.097	13.468	1.217	0.821	43.077	-94.248
0.038	87.35	233	21	20	1500	0	0.408	-1.383	26.552	12.558	1.231	0.812	42.641	-85.484
3.357	96.29	519	19	18	1500	167.18	0.775	-1.337	23.373	12.144	1.165	0.858	41.668	-77.044
3.265	104.77	135	48	32	2707	27.817	0.659	-1.626	24.67	15.087	1.303	0.767	41.314	-74.797
1.707	85.16	17	12	14	1500	90	0.73	-1.544	29.028	13.15	1.14	0.877	40.896	-72.407
3.443	18.22	2113	12	14	1500	90	0.73	-1.113	39.942	10.175	1.14	0.877	42.259	-110.268
2.439	98.78	247	15	16	1500	90	0.577	-1.227	29.561	11.167	1.166	0.858	42.844	-88.723
1.034	111.86	402	12	14	1500	0	0.73	-0.683	23.481	7.2	1.14	0.877	41.317	-74.918
2.806	80.47	276	32	28	1500	78.017	0.376	-1.337	31.189	12.533	1.397	0.716	42.561	-84.842
8.43	88.18	14	15	16	1500	0	0.577	-0.821	20.81	8.381	1.166	0.858	40.878	-72.523
1.148	106.51	450	15	16	1500	135	0.872	-1.168	24.452	10.57	1.166	0.858	41.315	-75.027
2.737	3.56	1312	19	20	1500	18.435	0.502	-1.412	41.123	12.699	1.295	0.772	40.408	-121.737
1.365	93.14	251	12	14	1500	0	0.73	-1.063	28.42	9.639	1.14	0.877	42.802	-88.19
1.309	101.28	455	12	14	1500	90	0.73	-1.285	24.711	11.282	1.14	0.877	41.353	-75.325
0.622	119.32	323	40	28	2500	11.243	0.693	-1.441	32.468	13.524	1.249	0.801	42.95	-92.272
0.538	99.54	456	25	20	2500	90	1	-1.348	24.262	12.405	1.129	0.886	41.516	-76.408
1.105	118.4	320	19	18	1500	12.821	0.775	-1.193	31	11.053	1.165	0.858	42.935	-92.908
2.45	127.73	433	24	22	1707	162.444	0.819	-1.175	24.13	11.092	1.267	0.789	41.933	-79.61
1.98	107.24	152	18	18	1500	90	0.791	-1.154	26.72	10.852	1.197	0.835	41.197	-74.571
3.417	77.13	790	15	16	1500	90	0.577	-1.189	47.243	10.901	1.166	0.858	42.869	-100.555
3.047	96.4	209	71	52	2121	5.432	0.522	-1.494	26.783	14.528	1.741	0.574	42	-80.329
6.462	91.98	235	12	14	1500	90	0.73	-1.124	25.438	10.245	1.14	0.877	42.052	-80.193
5.019	122.67	373	12	14	1500	0	0.73	-1.113	23.566	10.175	1.14	0.877	41.843	-79.134
1.693	86.95	246	18	18	1500	0	0.478	-1.273	28.607	11.784	1.197	0.835	42.688	-88.104
2.126	95.8	199	48	36	1707	99.699	0.489	-1.468	27.309	14.061	1.466	0.682	42.52	-85.844
1.789	114.17	95	71	46	2121	103.375	0.59	-1.741	26.531	16.395	1.54	0.649	41.073	-74.282
3.681	89.74	235	15	16	1500	45	0.872	-1.251	28.189	11.194	1.166	0.858	42.677	-88.275
1.976	100.01	214	19	18	1500	167.18	0.775	-1.282	25.464	11.736	1.165	0.858	41.971	-80.437
3.62	78.67	373	744	236	7535	96.111	0.347	-1.951	37.41	20.26	2.441	0.41	42.892	-97.398
3.158	97.21	313	15	16	1500	0	0.577	-1.114	30.187	10.509	1.166	0.858	42.674	-88.541
1.555	2.92	113	22	20	1707	45	0.792	-1.423	49.655	12.973	1.203	0.831	40.201	-122.26
0.164	51.55	1483	18	18	1500	72.704	0.715	-1.796	47.426	15.296	1.197	0.835	42.624	-104.13
3.51	94.48	223	18	18	1500	162.704	0.715	-1.119	27.4	10.334	1.197	0.835	42.449	-85.666
3.119	97.85	288	15	16	1500	90	0.577	-1.4	29.281	12.295	1.166	0.858	42.628	-88.621
0.373	90.08	258	18	18	1500	162.704	0.715	-1.259	28.117	11.525	1.197	0.835	42.604	-88.286
2.761	98.88	198	15	16	1500	135	0.872	-1.179	25.654	10.956	1.166	0.858	41.933	-80.558
2.154	83.52	281	16	16	1500	90	1	-1.212	29.276	11.249	1.129	0.886	42.293	-84.044
2.948	112.15	236	44	30	2500	65.593	0.613	-1.579	24.012	14.785	1.276	0.784	41.018	-74.506
0.082	5.76	1313	27	24	1500	168.935	0.431	-1.434	52.938	13.108	1.303	0.767	40.98	-117.728
1.2	5.38	1462	33	26	2121	54.191	0.635	-1.528	34.98	14.034	1.277	0.783	40.254	-121.483
8.58	7.31	1389	18	18	1500	0	0.478	-1.259	34.18	11.525	1.197	0.835	40.295	-121.252
2.212	6.23	1276	12	14	1500	90	0.73	-1.174	46.408	10.613	1.14	0.877	40.405	-120.652
0.646	112.73	277	15	16	1500	135	0.872	-1.289	26.474	11.626	1.166	0.858	42.685	-90.707
1.34	99.18	238	26	22	2121	16.174	0.798	-1.574	25.84	14.123	1.217	0.821	41.884	-80.68
2.102	109.46	237	76	50	2121	1.717	0.531	-1.716	26.698	16.193	1.618	0.618	41.052	-74.801
2.358	113.41	266	200	72	6121	137.201	0.809	-1.758	25.762	17.422	1.437	0.696	41.021	-74.651
3.394	88.31	380	497	214	6363	20.858	0.737	-1.955	35.961	19.948	2.709	0.369	42.779	-96.173
0.287	94.32	275	43	30	2500	22.766	0.587	-1.452	28.473	13.763	1.291	0.775	42.586	-88.435
3.599	5.82	1555	15	16	1500	45	0.872	-1.289	36.261	11.626	1.166	0.858	40.301	-121.013
1.325	122.79	279	15	16	1500	0	0.577	-1.289	31.915	11.626	1.166	0.858	42.721	-92.573
1.6	122.36	278	241	78	7121	33.22	0.916	-1.814	31.51	18.043	1.418	0.705	42.722	-92.475
1.271	110.95	210	20	18	1500	90	0.791	-1.438	26.429	12.932	1.136	0.881	41.067	-75.101
1.839	5.27	1313	112	56	3121	76.847	0.306	-1.729	52.921	16.717	1.493	0.67	40.912	-117.782
1.357	98.89	385	18	18	1500	0	0.478	-1.273	35.173	11.784	1.197	0.835	42.756	-95.546
2.75	114.86	376	12	14	1500	0	0.73	-1.109	25.965	10.221	1.14	0.877	41.797	-80.126
4.755	99.03	312	44	34	2500	26.339	0.483	-1.693	29.385	15.58	1.446	0.691	42.603	-89.65
3.946	93.97	280	16	16	1500	90	1	-1.723	29.134	14.673	1.129	0.886	42.279	-84.973
0.821	106.87	372	67	40	2707	36.78	0.631	-1.646	26.699	15.526	1.379	0.725	41.271	-76.556
9.177	102.6	238	36	26	2500	10.459	0.59	-1.632	26.243	14.786	1.223	0.818	41.295	-75.812
1.873	118.03	317	29	24	1707	19.198	0.624	-1.386	31.747	12.827	1.258	0.795	42.676	-91.919
2.891	94.76	300	16	16	1500	90	1	-1.323	29.929	11.919	1.129	0.886	42.258	-84.766
0.318	92.96	249	402	128	8121	30.141	0.626	-1.86	28.892	18.885	1.801	0.555	42.522	-88.264
3.458	95.82	207	18	18	1500	0	0.791	-1.312	27.232	11.921	1.197	0.835	41.869	-80.782
1.639	18.91	1317	15	16	1500	0	0.577	-1.289	42.061	11.626	1.166	0.858	41.708	-112.181
2.076	77.15	194	12	14	1500	0	0.73	-1.148	26.284	10.272	1.14	0.877	42.378	-86.267
1.706	112.81	138	24	20	2121	135	0.913	-1.422	26.734	13.09	1.152	0.868	40.975	-74.95
4.279	89.68	263	32	28	1500	76.709	0.411	-1.577	27.761	14.299	1.397	0.716	42.305	-85.192
3.802	88.9	292	12	14	1500	0	0.73	-1.174	28.418	10.613	1.14	0.877	42.241	-84.387
1.97	118.75	339	32	30	1500	37.71	0.453	-1.514	26.29	13.914	1.496	0.668	41.739	-80.338
1.826	108.2	351	21	20	1707	135	0.715	-1.338	25.809	12.37	1.231	0.812	41.12	-75.949
1.772	104.9	301	31	26	2121	151.245	0.629	-1.506	26.928	13.891	1.318	0.759	41.194	-76.341
0.85	124.41	298	22	20	1707	40.583	0.767	-1.358	32.72	12.552	1.203	0.831	42.607	-92.358
5.508	18.47	1393	15	16	1500	135	0.872	-1.18	39.382	10.814	1.166	0.858	41.747	-111.827
0.504	117.89	358	21	20	1500	135	0.75	-1.313	32.336	11.884	1.231	0.812	42.631	-93.559
7.115	81.61	230	41	30	2121	101.102	0.597	-1.438	28.365	13.588	1.322	0.756	42.472	-83.359
3.474	112.17	365	30	30	1500	39.182	0.381	-1.289	25.506	12.319	1.545	0.647	41.056	-75.777
2.337	113.9	460	30	26	1707	29.612	0.721	-1.289	25.543	12.319	1.339	0.747	41.618	-79.703
1.998	1.31	86	20	18	1500	0	0.791	-1.438	48.642	12.932	1.136	0.881	39.926	-122.19
2.768	79.68	787	91	50	3500	176.679	0.639	-1.761	41.372	16.644	1.479	0.676	42.569	-100.022
3.901	100.35	276	4800	814	16261	102.651	0.73	-1.978	30.789	22.263	3.315	0.302	42.422	-88.631
7.644	102.28	218	121	54	4500	13.063	0.754	-1.662	25.841	16.209	1.385	0.722	41.257	-77.016
3.556	104.81	305	29	28	1500	119.343	0.44	-1.393	28.704	12.911	1.467	0.682	42.489	-90.004
1.363	97.51	253	16	16	1500	90	1	-1.208	27.917	11.066	1.129	0.886	41.763	-80.937
0.225	73.62	411	12	14	1500	0	0.73	-1.063	36.715	9.943	1.14	0.877	42.612	-97.258
4.209	113.87	529	12	14	1500	90	0.73	-1.084	23.791	9.943	1.14	0.877	41.441	-78.549
1.681	18.01	2147	25	20	2500	90	1	-1.388	43.304	12.564	1.129	0.886	41.78	-110.547
0.522	80.68	399	23	20	1500	83.839	0.653	-1.365	35.388	12.482	1.177	0.85	42.584	-96.773
6.858	116.71	255	36	30	1500	131.437	0.517	-1.493	27.912	13.898	1.411	0.709	42.51	-90.698
0.002	99.02	262	12	14	1500	0	0.73	-1.113	28.748	10.175	1.14	0.877	42.367	-88.373
5.95	94.46	173	12	14	1500	90	0.73	-1.285	27.08	11.282	1.14	0.877	41.069	-76.238
3.681	97.02	267	12	14	1500	0	0.73	-1.113	27.869	10.175	1.14	0.877	42.25	-85.627
1.639	88.07	317	39	30	1707	110.226	0.537	-1.528	27.206	14.21	1.355	0.738	42.044	-84.202
1.427	84.11	175	12	14	1500	90	0.73	-1.063	27.973	9.943	1.14	0.877	41.978	-83.27
1.459	122.88	333	12	14	1500	90	0.73	-1.544	26.446	13.15	1.14	0.877	41.653	-80.161
1.151	102.05	255	34	28	1707	115.069	0.569	-1.712	28.114	15.341	1.355	0.738	41.11	-76.477
3.073	112.75	293	190	68	4949	149.795	0.607	-1.693	25.012	16.684	1.392	0.718	41.019	-75.266
2.075	118.02	334	21	20	1707	45	0.702	-1.407	30.855	12.585	1.231	0.812	42.523	-93.287
1.868	90.75	196	12	14	1500	90	0.73	-1.148	28.492	10.272	1.14	0.877	42.197	-86.288
1.762	115.78	322	28	24	1707	49.691	0.827	-1.516	26.718	13.747	1.28	0.781	41.621	-80.56
3.728	113.29	275	12	14	1500	0	0.73	-1.174	30.172	10.613	1.14	0.877	42.462	-91.887
1.493	101.95	282	12	14	1500	90	0.73	-1.174	30.347	10.613	1.14	0.877	42.311	-88.445
0.527	118.75	336	67	48	2500	105.405	0.623	-1.867	31.193	17.295	1.655	0.604	42.485	-93.019
3.886	110.33	194	24	20	2121	45	0.913	-1.409	25.294	12.861	1.152	0.868	41.199	-77.291
1.536	109.16	313	39	36	1500	48.529	0.342	-1.637	28.144	15.079	1.627	0.615	42.409	-90.706
4.586	72.52	613	102	52	3535	56.731	0.572	-1.901	38.284	17.897	1.453	0.688	42.47	-98.663
0.731	4.5	1251	15	16	1500	0	0.577	-1.18	35.389	10.814	1.166	0.858	40.025	-120.982
4.3	125.04	268	12	14	1500	90	0.73	-1.148	31.48	10.272	1.14	0.877	42.496	-92.383
1.28	96.39	327	158	86	2707	75.977	0.378	-1.684	26.56	16.66	1.931	0.518	41.992	-84.67
1.415	78.67	206	229	74	6121	115.808	0.834	-1.87	28.56	18.398	1.38	0.725	41.901	-83.682
3.34	98.62	238	34	26	2121	178.441	0.585	-1.354	27.9	12.887	1.258	0.795	41.016	-76.455
5.46	15.19	1355	100	54	3500	32.649	0.641	-1.738	39.905	16.574	1.524	0.656	41.5	-112.017
0.906	123.48	327	68	54	1707	79.325	0.435	-1.654	32.734	15.715	1.848	0.541	42.475	-93.804
3.49	117.54	341	15	16	1500	45	0.872	-1.289	31.88	11.626	1.166	0.858	42.506	-94.179
3.074	85.91	172	60	38	2500	68.854	0.48	-1.531	27.696	14.625	1.384	0.722	41.902	-83.403
4.507	112.31	524	12	14	1500	90	0.73	-1.113	27.153	10.175	1.14	0.877	40.954	-76.044
1.184	0.65	80	76	40	3500	6.752	0.57	-1.695	47.151	16.055	1.295	0.772	39.755	-122.202
3.003	4.53	1223	77	44	3500	102.195	0.553	-1.653	51.597	15.744	1.415	0.707	40.188	-120.131
2.908	9.81	1609	57	34	3121	113.424	0.927	-1.675	52.102	15.625	1.271	0.787	40.968	-115.606
5.888	101.08	176	25	22	1707	59.746	0.655	-1.463	25.752	13.279	1.242	0.805	41.123	-77.486
3.401	85.47	251	15	16	1500	0	0.577	-1.189	28.239	10.901	1.166	0.858	41.897	-84.064
0.434	113.38	310	144	74	3707	63.744	0.363	-1.761	27.366	17.125	1.74	0.575	41.503	-80.457
1.169	2.18	89	58	38	2707	7.988	0.52	-1.657	21.651	15.512	1.408	0.71	39.413	-123.776
1.497	16.8	1964	12	14	1500	0	0.73	-1.161	50.063	10.363	1.14	0.877	41.679	-109.868
3.742	101.16	240	12	14	1500	0	0.73	-1.085	28.973	9.971	1.14	0.877	42.292	-89.625
1.244	98.75	279	64	38	2500	148.066	0.917	-1.669	30.356	15.685	1.34	0.746	42.232	-88.602
0.465	107.12	371	12	14	1500	90	0.73	-1.148	35.27	10.272	1.14	0.877	42.414	-94.631
0.059	113.75	354	18	18	1500	107.296	0.715	-1.247	32.406	11.282	1.197	0.835	42.407	-94.399
1.653	127.02	344	66	52	1707	21.17	0.425	-1.557	25.187	14.8	1.806	0.554	41.429	-79.71
2.642	95.01	151	112	54	3535	110.445	0.621	-1.796	27.783	17.171	1.44	0.695	40.969	-76.616
2.982	88.44	334	22	22	1500	104.971	0.433	-1.487	36.098	13.365	1.323	0.756	42.48	-96.409
0.399	109.73	368	56	32	2500	8.054	0.59	-1.662	33.326	15.602	1.207	0.829	42.404	-94.974
3.173	106.37	291	28	22	2500	160.201	0.82	-1.45	28.567	13.25	1.173	0.852	41.954	-85.004
1.666	96.65	334	19	18	1500	77.18	0.775	-1.301	26.074	12.029	1.165	0.858	41.936	-84.646
3.8	4.57	1270	42	28	2500	79.29	0.753	-1.565	51.09	14.6	1.219	0.82	40.091	-120.143
2.326	111.66	454	64	44	2500	65.672	0.382	-1.631	24.694	15.46	1.552	0.644	41.237	-78.787
4.253	97.52	268	12	14	1500	90	0.73	-1.544	30.007	13.15	1.14	0.877	42.281	-88.989
2.222	99.79	297	12	14	1500	0	0.73	-1.113	26.393	10.175	1.14	0.877	40.872	-76.399
0.511	8.71	1553	20	18	1500	90	0.791	-1.292	51.984	11.693	1.136	0.881	40.837	-115.763
1.449	44.56	1455	12	14	1500	0	0.73	-1.063	44.061	9.639	1.14	0.877	42.053	-104.955
6.654	99.57	241	21	20	1500	101.049	0.58	-1.353	28.676	12.484	1.231	0.812	41.987	-86.095
0.532	108.45	259	24	22	1500	90	0.356	-1.422	29.118	13.09	1.267	0.789	41.944	-85.32
4.433	0.69	61	12	14	1500	90	0.73	-1.124	47.527	10.245	1.14	0.877	39.754	-121.848
5.704	110.47	244	25	22	1500	8.13	0.515	-1.44	28.796	13.252	1.242	0.805	41.946	-85.623
2.157	107.07	156	65	38	3121	87.109	0.814	-1.6	28.633	15.289	1.33	0.752	40.955	-76.941
1.206	2.61	565	44	32	2121	11.387	0.498	-1.516	41.024	14.232	1.361	0.735	39.759	-121.602
2.478	87.6	185	59	46	2500	61.462	0.423	-1.598	28.902	15.181	1.69	0.592	42.069	-86.458
1.688	112.73	254	15	16	1500	90	0.577	-1.189	29.632	10.901	1.166	0.858	41.907	-85.472
1.462	107.51	347	28	24	1500	99.037	0.452	-1.502	25.098	13.731	1.28	0.781	41.505	-81.177
0.991	96.05	236	16	16	1500	90	1	-1.292	27.409	11.698	1.129	0.886	40.877	-76.539
0.509	24.5	2032	92	58	2707	11.496	0.535	-1.642	48.441	15.848	1.706	0.586	41.895	-106.762
2.782	108.23	351	12	14	1500	90	0.73	-1.161	28.378	10.363	1.14	0.877	41.392	-80.36
0.158	121.43	395	31	24	1707	100.195	0.624	-1.493	26.122	13.647	1.216	0.822	41.232	-79.285
2.856	110.94	464	27	22	1500	86.203	0.561	-1.351	27.254	12.698	1.195	0.837	40.777	-76.23
1.743	114.06	341	158	84	3121	38.671	0.679	-1.797	26.542	17.573	1.886	0.53	40.792	-76.044
0.199	107.16	288	15	16	1500	90	0.577	-1.168	27.161	10.57	1.166	0.858	41.91	-85.792
2.293	105.42	372	15	16	1500	0	0.577	-1.4	25.737	12.295	1.166	0.858	41.445	-81.092
2.9	103.42	442	21	20	1500	90	0.408	-1.463	24.78	13.153	1.231	0.812	41.046	-77.959
1.128	25.06	2095	25	20	2500	90	1	-1.401	45.672	12.808	1.129	0.886	41.878	-106.549
0.967	25.81	1998	36	26	1500	90	0.433	-1.527	46.833	14.023	1.223	0.818	41.899	-106.157
1.174	99.99	212	15	16	1500	45	0.872	-1.18	29.036	10.814	1.166	0.858	41.941	-86.359
0.155	2.46	129	34	30	1500	56.126	0.428	-1.446	22.325	13.425	1.452	0.689	39.218	-123.711
1.826	49.6	1210	1686	438	11949	90.767	0.198	-1.943	41.769	20.966	3.01	0.332	42.105	-102.867
5.11	111.24	471	46	34	2121	81.482	0.594	-1.33	25.01	13	1.415	0.707	41.152	-78.716
1.292	112.88	342	12	14	1500	0	0.73	-1.174	33.123	10.613	1.14	0.877	42.277	-94.841
1.699	100.45	211	23	22	1707	18.435	0.732	-1.372	30.101	12.625	1.294	0.773	42.114	-89.216
2.228	123.81	417	18	18	1500	107.296	0.715	-1.312	26.912	11.921	1.197	0.835	41.213	-79.396
2.042	121.27	465	40	30	2500	142.322	0.544	-1.667	26.678	15.206	1.338	0.747	41.167	-79.167
2.658	121.52	389	15	16	1500	90	0.577	-1.204	25.982	11.14	1.166	0.858	41.161	-79.077
1.298	103.81	422	50	34	2500	18.912	0.486	-1.645	26.612	15.256	1.357	0.737	40.774	-76.353
2.38	112.98	196	12	14	1500	0	0.73	-1.085	28.78	9.971	1.14	0.877	40.692	-75.754
5.773	117.78	274	27	26	1500	145.058	0.476	-1.475	30.872	13.57	1.412	0.708	42.196	-91.635
0.692	21.26	1953	27	28	1500	32.268	0.433	-1.485	46.868	13.581	1.52	0.658	41.598	-109.242
2.234	104.21	270	21	20	1500	168.951	0.58	-1.383	29.036	12.558	1.231	0.812	41.883	-86.013
1.982	92.15	248	20	18	1500	0	0.791	-1.438	25.998	12.932	1.136	0.881	40.786	-76.56
0.376	126.13	104	20	18	1500	90	0.791	-1.384	28.484	12.384	1.136	0.881	40.555	-75.101
1.252	14.26	1888	18	18	1500	90	0.478	-1.259	48.318	11.525	1.197	0.835	41.55	-109.527
0.93	110.51	523	18	18	1500	0	0.791	-1.275	24.83	11.662	1.197	0.835	41.118	-78.899
0.69	122.06	427	41	36	1500	53.034	0.367	-1.483	27.29	13.921	1.586	0.63	41.158	-79.334
0.513	102.52	283	51	34	2121	173.98	0.502	-1.69	27.607	15.688	1.343	0.744	40.837	-77.042
2.316	112.52	241	25	22	1707	116.368	0.689	-1.463	30.834	13.279	1.242	0.805	42.168	-92.027
1.719	7.86	1717	24	24	1500	135	0.517	-1.468	49.861	13.368	1.382	0.723	40.734	-115.595
2.448	101.97	452	16	16	1500	90	1	-1.323	24.342	11.919	1.129	0.886	41.005	-78.154
3.304	95.9	216	18	18	1500	0	0.478	-1.365	26.216	12.321	1.197	0.835	40.793	-76.836
5.252	102.94	243	45	30	2500	150.571	0.722	-1.519	27.888	14.28	1.262	0.792	40.694	-76.196
3.592	104.3	334	12	14	1500	90	0.73	-1.148	24.728	10.272	1.14	0.877	41.021	-78.442
6.678	105.82	272	12	14	1500	90	0.73	-1.148	30.222	10.272	1.14	0.877	41.785	-85.433
0.392	118.1	430	51	34	2500	37.234	0.855	-1.368	26.793	13.069	1.343	0.744	41.097	-79.215
0.251	128.18	145	39	30	2121	22.257	0.547	-1.6	26.319	14.686	1.355	0.738	40.467	-75.033
3.115	80.28	181	29	28	1500	60.657	0.44	-1.336	26.225	12.471	1.467	0.682	41.526	-82.837
2.487	90.31	324	12	14	1500	0	0.73	-1.285	25.653	11.282	1.14	0.877	40.902	-77.768
3.824	98.61	334	181	118	2121	31.524	0.223	-1.721	25.416	17.103	2.475	0.404	40.851	-77.522
2.255	4.36	1498	16	16	1500	90	1	-1.22	39.315	11.17	1.129	0.886	39.791	-120.539
0.478	119.49	256	41	28	2500	52.52	0.794	-1.451	29.327	13.737	1.234	0.81	42.107	-91.287
1.662	82.01	175	33	26	1707	119.653	0.61	-1.533	28.063	14.135	1.277	0.783	41.505	-82.966
3.017	112.94	345	96	54	3535	59.371	0.542	-1.784	27.203	16.949	1.555	0.643	41.214	-80.227
