2.62	-1.207851372	30.71999931	29	281000000	126000	4121	96.3796	13468.4	6641.13	0.493089751	-1.903164796	28.47912863	-1943230	3141310
2.88	0.530204454	37.59000015	60	36000000	28000	2121	56.1203	3753.53	3052.9	0.813341042	-1.498551447	27.72129555	-1933320	3104870
2.76	-0.387547618	34.11000061	23	84000000	42000	3707	90.6009	5842.82	4576.22	0.783221116	-1.605769255	23.90488095	-1942310	3097460
2.68	0.248892856	29.32999992	13	12000000	14000	1500	90	2287	1670.19	0.730297333	-1.173988417	30.51841897	-1919550	3099010
0.14	-0.013063428	48.63999939	373	33000000	28000	1707	148.473	4688.33	2240.5	0.477888715	-1.429958128	23.72358974	-2033970	3086170
1.08	-0.078966132	34.68000031	87	19000000	18000	1500	102.821	2793.99	2164.61	0.77473792	-1.259323611	26.98478431	-1925120	3081400
5.68	0.05099388	13.81000042	52	12000000	14000	1500	90	2287	1670.19	0.730297333	-1.173988417	24.55269406	-1959550	3079010
1.6	-0.418233084	22.04999924	118	82000000	54000	2121	96.6502	6420.37	4065.41	0.63320494	-1.633825908	24.45609023	-1987450	3066860
1.7	0.568735632	48.77999878	706	28000000	24000	1707	157.045	3901.52	2284.41	0.585517952	-1.391408619	30.70793103	-1964870	3056260
-0.02	0.588871916	19.72999954	293	24000000	22000	1500	90	4630.13	1649.94	0.356348526	-1.532340107	44.45003717	-1984550	3051010
5.84	-0.407437408	35.97999954	495	50000000	32000	2500	17.669	5312.01	2996.14	0.564031318	-1.517810876	35.33886598	-1740330	3040110
0.4	-0.065721312	55.63000107	113	18000000	18000	1500	0	3461.83	1655.07	0.478091067	-1.311612001	22.45672131	-1630050	3034510
1.92	-0.119143898	26.55999947	643	27000000	24000	1500	108.484	3891.51	2208.49	0.567514924	-1.593233018	32.85136612	-2064100	3007950
1.12	0.680867648	8.760000229	379	15000000	16000	1500	90	2875.75	1660.31	0.577348518	-0.821253078	37.25788235	-2012550	3000510
1.4	0.285412262	11.01000023	899	23000000	20000	1500	83.8388	3348.92	2186.12	0.652783584	-1.399648166	30.69186047	-1612110	2996110
3.64	0.052772278	28.47999954	538	12000000	14000	1500	0	2287	1670.19	0.730297333	-1.148126283	35.17722772	-1800050	2996510
1.86	-0.245289856	27.27000046	794	14000000	16000	1500	135	2451.31	1817.94	0.741619787	-1.142994165	32.19833333	-1843050	2995010
3.88	0.395805716	37.06999969	128	80000000	56000	2500	122.949	9779.71	2603.84	0.266249204	-1.655388226	24.55254593	-1932370	2987630
1.84	0.577522768	35.16999817	640	28000000	24000	1500	96.7075	4509.76	1976.31	0.438229529	-1.394172928	30.37136612	-1826260	2983720
0.46	1.384655172	8.93999958	344	60000000	40000	2500	107.1	6352.06	3006.68	0.473339358	-1.600812646	34.73034483	-1452800	2973360
0.58	1.131199096	28.87999916	621	21000000	22000	1500	104.517	4066.86	1643.65	0.404157015	-1.29612293	32.55264706	-1925120	2973510
1.84	0.339204546	23.53000069	1110	86000000	58000	2121	126.715	6392.64	4282.21	0.669865658	-1.729724577	37.29079545	-2092560	2969890
0.88	-0.322586206	18.92000008	47	15000000	16000	1500	0	2875.75	1660.31	0.577348518	-1.152215233	25.54091954	-1529550	2974510
1.02	0.028398692	64.33000183	562	12000000	14000	1500	0	2287	1670.19	0.730297333	-1.062783654	21.97660131	-1846050	2973510
2.88	0.272228164	29.06999969	653	12000000	14000	1500	0	2287	1670.19	0.730297333	-1.113282753	34.11686275	-1677050	2971510
4.24	-0.152802636	26.09000015	32	36000000	32000	1500	66.4013	5693.26	2012.76	0.353533828	-1.486900606	27.72361345	-1648210	2966870
1	0.459154704	29.38999939	6	33000000	24000	2500	57.158	3494.52	3005.91	0.860178222	-1.577716487	25.30508772	-2081270	2968140
3.66	-1.046284062	29.31999969	761	36000000	28000	2121	145.359	3546.95	3230.7	0.91083889	-1.570107818	34.84559441	-1929020	2964700
1.94	0.120738916	28.67000008	791	29000000	24000	1707	39.8146	3663.52	2519.71	0.68778388	-1.46464752	36.86068966	-1451820	2962680
0.88	0.218252818	23.85000038	650	12000000	14000	1500	90	2287	1670.19	0.730297333	-1.113282753	40.11804348	-1436550	2959010
2.92	-0.61758547	34.81999969	1144	130000000	72000	3121	120.424	10343	4000.81	0.386813304	-1.632798324	42.64008547	-1822990	2947410
0.18	0.06528064	33.49000168	112	15000000	16000	1500	135	2340.28	2040.21	0.8717803	-1.227372148	25.14360825	-2119950	2955110
1.6	0.07219148	28.82999992	1039	18000000	18000	1500	0	2692.1	2128.29	0.790568701	-1.318861831	34.43268657	-1603550	2955170
1.02	-0.030302452	35.13999939	1033	15000000	16000	1500	135	2340.28	2040.21	0.8717803	-1.168093395	30.70008969	-1615150	2952910
5.44	0.171245518	39.84000015	937	41000000	28000	2500	164.507	4510.19	2893.6	0.641569424	-1.514886377	31.87258427	-1353370	2948630
5.9	-0.752362566	97.84999847	143	15000000	16000	1500	45	2340.28	2040.21	0.8717803	-1.289351894	25.13361257	-1909950	2948910
2	-0.36605085	21.17000008	107	78000000	50000	3500	18.906	6468.41	3838.37	0.593402397	-1.68963076	30.54099338	-2004580	2944620
0.92	-0.346954688	16.56999969	572	21000000	20000	1500	4.44793	3252.91	2054.93	0.631720521	-1.463305417	40.74849315	2116880	2947220
1.02	-0.004292498	20.06999969	211	37000000	32000	1707	135.957	5181.15	2273.14	0.438732714	-1.397775774	28.31506173	-1551170	2941480
3.18	-0.44410841	25.97999954	753	72000000	44000	2707	162.082	7128.39	3215.07	0.451023303	-1.498989387	35.47261905	-2043670	2940670
1.48	0.074604754	32.95999908	14	59000000	46000	1707	169.971	6687.7	2808.18	0.419902209	-1.445528731	24.85502488	-2021000	2941590
6.66	-0.965266356	16.37000084	53	55000000	42000	1500	148.208	6864.17	2550.5	0.371567138	-1.402039572	28.39539623	-1925110	2940110
-0.18	0.263628036	34.47000122	1059	62000000	40000	2500	128.82	6354.25	3105.83	0.48877995	-1.591106799	23.45027027	-1882430	2938100
2.04	-0.75917262	38.34000015	1492	27000000	24000	1500	126.65	3744.81	2295.01	0.612850852	-1.528484132	32.40104762	-2099210	2939840
2.2	0.69011579	13.34000015	639	834000000	256000	7777	174.255	27362.1	9702.13	0.354582799	-1.958978746	30.6712	-1591890	2923150
1.06	-0.711545698	16.38999939	687	27000000	22000	1707	16.275	3418.87	2513.8	0.735272181	-1.433824331	35.1027957	-1397880	2937280
1.42	-0.485695652	19.11000061	729	80000000	42000	3500	1.36035	5621.79	4529.66	0.805732694	-1.65126032	31.50869565	-1364410	2932630
1.64	0.75005291	23.81999969	187	49000000	32000	2500	98.932	5467.12	2852.91	0.521830507	-1.586711043	25.56179894	-2001180	2930180
3.52	-1.315963344	37.84000015	902	66000000	38000	3121	150.364	5292.72	3969.31	0.749956544	-1.658076138	36.38664516	-1428080	2930840
1.06	0.561666666	20.07999992	133	117000000	74000	2500	90.5409	10595.2	3515	0.331754002	-1.596386871	25.97	-2042920	2922970
0.28	0.16211017	28.11000061	1032	12000000	14000	1500	90	2287	1670.19	0.730297333	-1.284677369	34.73538983	-1552550	2931010
1.24	-0.240582758	22.54999924	168	65000000	46000	2121	80.6715	6899.26	2998.89	0.434668356	-1.479462739	26.5461	-2012390	2925140
1	0.440495868	13.63000011	90	22000000	20000	1500	0	3255.92	2150.79	0.66057827	-1.422607017	25.57950413	-1766050	2928870
0.94	-0.087117648	30.87000084	861	12000000	14000	1500	0	2287	1670.19	0.730297333	-1.173988417	44.69211765	-2073050	2928510
1.4	-0.142676676	14.14000034	747	37000000	30000	1707	78.7423	4319.9	2726.33	0.631109516	-1.506230857	42.9497037	-1625330	2924180
0.34	-0.159392498	31.38999939	406	12000000	14000	1500	90	2287	1670.19	0.730297333	-1.1242709	25.43746479	-2065550	2925010
1.24	-0.208424642	8.180000305	377	35000000	32000	1500	45.8511	5314.58	2096.28	0.394439448	-1.414986659	47.7319802	-1774000	2920880
5.3	0.104787538	16.37999916	597	39000000	28000	2500	86.7484	4731.79	2623.55	0.554451909	-1.424992173	37.46323741	-1873800	2919680
3.74	-0.189026816	15.77000046	60	12000000	14000	1500	0	2287	1670.19	0.730297333	-1.113282753	29.15179104	-1963050	2918510
3.26	-0.144825582	36.88000107	965	72000000	44000	3121	99.8292	7279.54	3148.32	0.432488866	-1.569240048	30.57732558	-1853240	2906170
0.52	-0.302866666	52.66999817	626	74000000	40000	3121	4.37733	5111.4	4608.31	0.901574911	-1.746616695	25.65166667	-2112250	2904900
2	-0.052	39.13999939	202	12000000	14000	1500	90	2287	1670.19	0.730297333	-1.062783654	22.38866667	-1389550	2908010
0.4	0.195515438	39.86000061	186	12000000	14000	1500	90	2287	1670.19	0.730297333	-1.173988417	23.8655102	-1342550	2908010
0.5	0.341742858	37.75999832	475	110000000	54000	4500	94.0418	7315.85	4786.06	0.654204228	-1.740598415	26.65325714	-1758090	2900190
1.52	0.257719298	16.39999962	37	15000000	16000	1500	0	2875.75	1660.31	0.577348518	-1.400040846	29.82894737	-1379550	2898510
1.44	-0.191946666	7.369999886	340	21000000	20000	1500	15.818	3358.37	1990.4	0.592668467	-1.276548347	43.57274667	-2027970	2896930
-0.04	0.35076515	22.75	152	46000000	30000	2500	97.7051	4627.1	3164.46	0.683897041	-1.405563104	26.81337278	-2034740	2886810
3.08	-2.611011236	44.29000092	1343	172000000	116000	2707	94.95	8818.83	6208.23	0.703974337	-1.740838828	36.27101124	-2025460	2878020
1.32	-0.064797716	98.95999908	168	42000000	32000	2121	80.9276	5103.44	2619.61	0.513302792	-1.406691165	24.73570681	-2050160	2880170
1.34	0.042187788	43.68999863	737	42000000	34000	1707	156.498	5679.42	2353.94	0.414468379	-1.689143005	24.28717391	-2001880	2880890
0.62	-0.15411465	24.37000084	73	15000000	16000	1500	90	2875.75	1660.31	0.577348518	-1.289351894	25.84611465	-2081550	2878510
2.08	0.257343308	19.57999992	34	48000000	36000	2121	78.1661	6371.77	2397.9	0.376331851	-1.744368961	27.59051383	-2132090	2874090
-0.5	0.83747191	87.52999878	322	15000000	16000	1500	0	2875.75	1660.31	0.577348518	-1.15822117	29.89752809	-2069550	2877510
0.38	0.588637724	37.40999985	63	19000000	18000	1500	12.8205	2793.99	2164.61	0.77473792	-1.282251975	21.32886228	-2001440	2873930
0.98	-0.4807354	33.65000153	399	198000000	94000	4500	101.4	12920.1	4878.08	0.377557449	-1.805482884	25.29593148	-2055270	2861930
1.86	-0.72314754	79.01999664	250	12000000	14000	1500	0	2287	1670.19	0.730297333	-1.113282753	32.14448087	-1850050	2869510
2.34	-0.63615421	26.54000092	209	29000000	26000	1500	106.65	4456	2071.59	0.464899013	-1.630176745	25.44712195	-2124100	2866400
3.16	-1.597855924	7.550000191	298	48000000	38000	1500	138.738	6008.54	2542.86	0.423207634	-1.584708474	42.71872549	-2135420	2862880
1.52	-0.413839664	79.88999939	244	20000000	20000	1500	16.1189	3406.69	1868.74	0.548550059	-1.292182501	31.32050633	-1759950	2862860
-0.54	1.003950786	15.47000027	1304	12000000	14000	1500	90	2287	1670.19	0.730297333	-1.056777717	31.00150376	-77545	2856010
1.96	-0.377806452	39.31999969	896	22000000	20000	1707	49.4167	3021.71	2317.5	0.76694984	-1.345488081	25.656	-1926640	2852550
3.1	-0.365787594	19.19000053	5	15000000	16000	1500	0	2875.75	1660.31	0.577348518	-1.25122753	27.5288785	-1919550	2852510
2.24	-0.702139638	7.010000229	269	12000000	14000	1500	0	2287	1670.19	0.730297333	-1.16104481	40.97297297	-1930050	2847510
2.72	-0.557122302	92.87999725	360	148000000	68000	3500	71.5239	11815.2	3987.22	0.337465299	-1.788889204	25.8171223	-2143260	2836610
-0.06	1.904772728	11.63000011	840	102000000	66000	2707	52.9814	6056.49	5360.79	0.885131487	-1.873191441	39.90022727	-1851630	2840510
2.08	0.183065574	66.37999725	496	2199000000	396000	15500	65.866	32491.2	21543.2	0.663047225	-1.882101743	38.10393443	-2051690	2796890
4.58	-0.902300462	17.20000076	63	12000000	14000	1500	90	2287	1670.19	0.730297333	-1.173988417	28.58194332	-1904550	2840010
0.68	-0.264367088	12.28999996	984	16000000	16000	1500	90	2256.76	2256.76	1	-1.233336144	34.28936709	-398045	2835010
1.56	-0.205474006	25.02000046	159	94000000	46000	2500	92.219	9457.13	3163.87	0.334548642	-1.613220486	27.15880734	-1834890	2827960
0.5	-0.445864094	4.460000038	231	28000000	24000	1500	96.7075	4509.76	1976.31	0.438229529	-1.449511191	40.10711409	-1845830	2831290
4.98	-1.434144296	16.40999985	19	20000000	20000	1707	132.115	3141.42	2026.54	0.64510317	-1.304376881	29.2366443	-1935600	2828410
0.68	-0.087777778	35.90000153	726	26000000	22000	1707	79.7752	3277.31	2525.26	0.770528269	-1.481515561	24.30666667	-2064700	2825270
1.84	-1.12408046	6.579999924	198	16000000	16000	1500	90	2256.76	2256.76	1	-1.257191527	43.87908046	-671045	2825010
0.08	0.234180722	20.18000031	811	187000000	72000	4500	141.865	9708.32	6131.23	0.631543872	-1.683869249	26.66481928	-1823750	2813880
1.02	2.71676279	66.18000031	577	12000000	14000	1500	90	2287	1670.19	0.730297333	-1.284677369	41.36083721	-1984550	2821010
3.64	-0.650921784	16.01000023	765	25000000	20000	2500	90	2820.95	2820.95	1	-1.442755808	37.87149321	-572545	2819510
1.54	0.125790312	67.63999939	477	28000000	24000	1707	3.51511	3540.82	2517.12	0.710886179	-1.456644447	39.67477573	-1610470	2818110
4.6	-0.561553246	35.54000092	15	12000000	14000	1500	0	2287	1670.19	0.730297333	-1.071842406	21.59898182	-1771050	2817510
3.38	-0.44308285	29	1260	371000000	128000	6363	137.402	16512.7	7151.65	0.433099978	-1.848890031	32.97641618	-1775170	2801420
3.5	0.173653846	25.56999969	964	24000000	22000	1500	63.2644	3391.87	2252.28	0.664023091	-1.532340107	36.71884615	-1765170	2809630
4.34	-0.255499342	11.13000011	55	12000000	14000	1500	0	2287	1670.19	0.730297333	-1.173988417	34.84034783	-1322050	2807510
-0.56	0.868461538	84.95999908	444	28000000	24000	1707	161.475	3905.9	2281.85	0.584205945	-1.501801904	32.52153846	-2087970	2803110
0.52	-0.211471014	34.84999847	1279	16000000	16000	1500	90	2256.76	2256.76	1	-1.322717806	29.86880435	-224045	2800010
0.8	-0.332726776	15.43000031	24	29000000	24000	1707	109.198	3845.75	2400.31	0.624146135	-1.519487793	26.24972678	-1933230	2795920
2.16	1.51453999	87.01999664	444	16000000	16000	1500	90	2256.76	2256.76	1	-1.212028854	29.42165049	-1992050	2795010
