200	538	3	2	2	1	0	111	690	23	3	0	28000
108	480	2	2	2	1	1	175	706	29	2	0	15000
14	675	2	1	1	2	0	158	79	0	15	1	3560
164	477	3	2	2	1	2	14	698	22	3	0	15000
11	10	4	1	1	2	1	46	167	22	20	1	3860
54	686	2	1	1	1	2	60	175	3	8	1	4530
141	971	3	1	1	1	2	92	139	29	3	0	12000
72	14	2	1	1	1	1	92	708	22	3	0	7000
55	633	2	1	1	1	1	60	175	22	8	1	4590
70	524	3	1	1	0	1	60	175	23	0	0	4300
65	845	2	1	1	1	2	60	175	23	2	0	3700
11	10	3	1	1	2	1	46	167	0	15	1	3790
7	10	4	1	1	2	0	46	167	3	21	1	2690
69	10	1	1	1	1	2	46	167	22	3	0	9500
117	10	3	1	2	1	0	46	167	22	3	0	17000
274	10	5	1	3	1	2	46	167	16	3	0	38000
113	10	3	1	2	1	1	46	167	22	3	0	16000
96	10	2	1	2	1	1	46	167	15	3	0	13500
87	10	2	1	1	1	0	46	167	0	3	0	13000
96	10	2	2	2	1	2	46	167	32	3	0	13500
17	335	4	1	1	2	1	14	698	22	22	1	4630
119	335	3	2	2	1	1	14	698	34	3	0	12000
58	549	2	1	1	1	2	158	79	0	3	0	7800
117	480	2	2	2	1	1	175	706	22	3	0	17000
129	758	3	2	2	1	0	111	690	11	3	0	18000
142	734	3	2	1	1	0	111	690	23	3	0	16000
115	758	2	1	1	1	1	111	690	34	3	0	13500
121	758	2	1	1	1	0	111	690	23	3	0	16000
61	486	2	1	1	0	0	81	306	23	0	0	7000
15	956	3	1	1	2	1	176	645	16	22	1	3860
8	726	3	1	1	2	1	101	549	0	20	1	2430
75	1092	2	1	1	1	0	176	645	23	2	0	6800
90	15	1	0	1	1	1	52	601	29	3	0	11000
23	887	1	1	1	1	1	162	420	22	25	1	3990
10	755	5	1	1	2	2	65	229	0	20	1	1760
12	755	5	1	1	2	0	65	229	22	22	1	1860
11	755	3	1	1	2	1	65	229	22	22	1	2290
20	812	5	1	1	2	1	65	229	22	21	1	2490
70	683	2	1	1	1	0	65	229	22	2	0	5300
10	780	3	1	1	2	2	65	229	0	20	1	2430
9	1149	2	1	1	2	0	162	420	22	20	1	2930
25	1163	1	1	1	1	1	162	420	29	8	1	5490
10	1149	2	1	1	2	2	162	420	29	20	1	3430
33	1163	1	1	2	1	1	162	420	16	3	0	5300
26	887	1	0	1	1	2	162	420	3	2	0	3800
29	743	1	0	1	1	0	162	420	0	3	0	4000
30	743	1	1	1	1	2	162	420	0	3	0	5700
27	979	1	1	1	2	0	162	420	22	3	0	3000
35	1149	1	0	1	1	1	162	420	16	3	0	2800
36	737	1	1	1	1	2	162	420	3	3	0	4500
11	827	3	1	1	2	1	75	117	0	17	1	2690
99	827	3	1	1	1	2	75	117	23	3	0	9500
31	1025	1	1	1	1	1	162	420	22	3	0	5300
61	870	1	0	1	1	0	162	420	22	2	0	6000
32	1149	1	0	1	2	0	162	420	22	3	0	3450
51	623	1	1	2	1	0	162	420	22	3	0	3500
26	737	1	0	1	1	1	162	420	3	3	0	3700
26	737	1	0	1	1	1	162	420	3	3	0	3600
24	1103	1	0	1	1	0	162	420	0	3	0	3500
60	527	2	1	1	0	0	81	306	23	0	0	7000
55	471	2	1	1	1	3	81	306	23	3	0	6300
112	422	4	2	2	1	2	81	306	23	3	0	12000
43	548	1	1	1	1	2	81	306	29	3	0	5600
56	844	2	1	1	0	1	19	244	23	0	0	5600
62	10	1	1	1	1	1	46	321	23	3	0	7000
205	993	3	1	2	1	1	163	289	23	3	0	40000
17	15	4	1	1	2	1	52	34	22	15	1	3790
59	14	2	0	1	1	0	52	128	34	2	0	7000
38	10	1	0	1	1	0	42	10	29	3	0	8000
58	384	1	0	1	1	1	69	489	0	3	0	8800
108	372	1	1	2	1	1	69	489	16	3	0	12500
221	372	3	1	3	1	2	69	489	33	2	0	26000
107	372	1	1	2	0	1	69	489	0	0	0	12000
66	1132	2	1	1	0	1	26	189	23	0	0	4500
107	372	1	1	2	1	1	69	489	22	3	0	11500
49	10	1	1	1	0	0	42	10	32	0	0	8500
147	10	3	1	2	1	2	42	10	22	3	0	17500
108	10	2	2	2	1	1	42	10	23	3	0	13500
39	14	1	0	1	1	2	52	128	15	3	0	5600
77	1143	2	1	1	1	2	61	371	23	2	0	4500
220	15	4	1	2	1	1	52	34	23	3	0	18000
142	868	4	2	3	1	2	14	503	23	3	0	30000
162	868	3	1	2	1	0	14	503	23	3	0	15000
141	868	3	3	3	1	2	14	503	23	3	0	27000
256	844	3	2	3	1	2	14	503	22	3	0	24000
201	868	4	3	4	1	0	14	503	23	3	0	35000
247	1044	3	2	4	1	2	14	503	8	3	0	40000
138	610	3	2	3	1	1	14	503	34	3	0	25000
191	993	3	1	2	0	1	163	289	23	0	0	42000
150	750	3	2	2	1	1	163	289	32	3	0	36000
150	750	3	2	2	1	1	163	289	15	3	0	28000
86	10	2	1	1	1	0	46	321	32	3	0	9500
157	10	3	2	2	1	0	124	283	23	3	0	22500
192	10	4	1	2	1	0	124	283	23	3	0	27000
122	10	2	2	2	1	0	124	283	11	3	0	15000
259	10	5	2	2	1	2	124	283	23	3	0	36000
58	672	2	1	1	1	2	59	80	22	25	1	4390
19	15	4	1	1	2	1	146	526	22	22	1	2560
61	10	2	1	1	1	2	35	88	23	3	0	6500
7	15	3	1	1	2	2	146	526	0	20	1	2260
9	1182	3	1	1	2	1	1	308	0	20	1	1790
83	1177	2	1	1	0	0	166	71	22	0	0	7500
13	479	4	1	1	2	2	18	240	22	22	1	4360
45	10	2	1	1	1	0	93	286	3	8	1	5690
14	10	3	1	1	2	0	93	286	22	19	1	2790
11	568	3	1	1	2	2	93	286	29	19	1	2560
7	10	3	1	1	2	2	93	286	0	20	1	2290
58	10	2	1	1	1	2	93	286	22	8	1	5990
9	855	3	1	1	2	2	18	240	22	9	1	2790
15	651	4	1	1	2	0	18	240	22	12	1	3990
61	721	1	1	1	1	2	18	240	29	8	1	7630
111	809	1	0	1	1	1	18	240	22	3	0	13000
78	721	1	1	1	1	0	18	240	22	3	0	12500
50	892	1	0	1	1	2	18	240	0	3	0	6800
73	836	1	1	1	1	1	18	240	0	3	0	7500
64	479	1	0	1	1	1	18	240	3	3	0	7000
115	836	2	1	2	1	1	18	240	22	3	0	11000
128	721	3	1	1	1	0	18	240	34	3	0	14000
130	699	3	1	2	1	0	18	240	16	3	0	13000
53	766	1	0	1	1	0	18	240	29	3	0	8000
107	766	3	1	2	1	0	18	240	3	3	0	11000
127	587	3	2	2	1	1	18	240	23	3	0	26000
63	805	1	1	1	1	1	18	240	22	3	0	7500
37	892	1	0	1	1	0	18	240	0	3	0	5400
85	722	2	1	1	0	1	18	240	32	0	0	11000
34	1165	1	0	1	0	1	166	71	22	0	0	4500
62	1093	1	1	1	0	0	166	71	22	0	0	6200
13	15	3	1	1	2	1	146	526	22	22	1	2390
11	15	3	1	1	2	1	146	526	0	20	1	2160
10	15	3	1	1	2	2	146	526	0	19	1	2490
11	15	3	1	1	2	1	146	526	0	22	1	2190
86	15	2	1	1	1	2	146	526	22	8	1	6760
11	15	4	1	1	2	1	146	526	0	21	1	2090
11	15	4	1	1	2	2	146	526	22	21	1	2590
12	15	3	1	1	2	1	146	526	0	19	1	2190
15	15	4	1	1	2	1	146	526	22	21	1	2560
14	15	3	1	1	2	1	146	526	22	13	1	2960
94	15	2	1	1	1	1	146	526	23	3	0	5000
94	15	2	1	1	1	2	146	526	23	3	0	5500
10	15	3	1	1	2	0	146	526	22	19	1	2460
10	15	3	1	1	2	0	146	526	22	19	1	2560
8	15	3	1	1	2	0	146	526	22	20	1	2360
119	15	3	2	1	0	0	146	526	23	0	0	7000
97	15	2	1	1	1	2	146	526	23	2	0	5000
122	15	3	1	1	1	2	146	526	23	3	0	7500
90	15	3	1	1	1	1	146	526	11	3	0	4800
92	15	3	1	1	1	1	146	526	23	3	0	7000
117	15	3	1	1	1	0	146	526	23	3	0	6500
52	659	2	1	1	0	1	59	80	22	0	0	3800
18	921	3	2	1	2	1	107	628	34	22	1	3930
74	674	2	1	1	1	2	167	552	11	2	0	8000
9	489	3	1	1	2	2	65	694	22	20	1	2290
52	1178	1	1	1	0	2	167	26	3	0	0	6000
136	969	3	1	2	1	1	124	59	34	3	0	20000
161	13	3	1	1	1	0	49	493	22	8	1	24000
161	620	3	2	2	1	1	161	188	23	3	0	26000
146	773	3	2	2	1	2	161	188	23	3	0	26000
39	652	1	0	1	1	2	161	188	29	3	0	7500
102	14	2	2	1	1	1	52	379	23	3	0	11000
109	15	3	1	1	1	1	52	379	27	3	0	8700
100	15	3	1	1	1	0	52	379	7	3	0	14000
43	652	1	0	1	1	0	161	188	29	3	0	8000
38	652	1	0	1	1	2	161	188	29	3	0	7500
113	773	3	1	1	1	2	161	188	11	3	0	22000
54	876	2	1	1	1	0	112	94	23	2	0	11000
65	1153	2	1	1	1	1	112	94	23	2	0	6000
87	694	2	2	1	0	2	75	16	29	0	0	7000
147	773	3	2	2	1	0	161	188	23	3	0	28000
72	652	1	1	1	1	2	161	188	29	3	0	12000
221	13	4	2	3	1	0	49	493	23	3	0	42000
89	13	2	1	1	1	0	49	493	22	3	0	13000
175	13	3	2	2	0	1	49	493	23	0	0	30000
161	13	3	2	2	1	0	49	493	23	3	0	24000
219	13	4	2	3	1	0	49	493	23	3	0	40000
171	938	3	2	2	1	2	124	59	23	3	0	25000
173	10	4	1	2	1	0	124	59	23	3	0	25000
129	845	3	2	2	1	0	124	59	34	3	0	20000
9	489	3	1	1	2	2	65	694	22	22	1	2490
89	372	2	1	1	1	0	65	694	23	2	0	5700
87	489	2	1	1	1	1	65	694	22	3	0	5500
88	18	2	1	1	1	1	65	694	22	2	0	5650
62	359	1	1	1	1	1	107	628	15	3	0	5700
105	889	3	1	1	1	2	107	628	23	3	0	8500
87	660	3	1	2	1	0	135	517	23	3	0	13500
50	659	2	1	1	1	2	125	538	22	8	1	5890
125	10	3	1	2	1	0	115	192	15	3	0	16500
8	14	4	1	1	2	0	15	122	22	20	1	3290
102	1097	4	1	1	1	2	135	54	23	2	0	7200
214	10	3	1	2	2	1	122	572	29	2	0	20000
260	10	4	2	3	1	1	122	572	23	3	0	24000
64	799	1	1	1	1	1	66	580	15	2	0	7800
231	10	3	2	2	1	1	122	572	23	2	0	25000
10	15	4	1	1	2	0	145	284	3	20	1	2560
126	634	3	2	1	1	2	95	149	23	2	0	8000
106	658	3	2	1	1	2	95	149	23	2	0	8000
19	492	2	1	1	2	2	95	506	29	21	1	4230
128	492	3	1	1	1	1	95	506	29	3	0	8200
97	15	2	1	1	1	2	145	284	23	3	0	8500
149	15	3	1	2	1	1	145	284	23	3	0	16000
152	15	3	2	2	1	1	145	284	23	3	0	12000
108	15	3	1	1	1	0	145	284	23	2	0	8800
107	15	3	1	1	1	1	145	284	23	3	0	10000
160	15	3	2	2	1	1	145	284	23	3	0	18000
104	15	3	2	1	1	1	145	284	23	3	0	12000
97	15	2	1	1	1	1	145	284	22	3	0	8500
97	15	2	1	1	1	1	145	284	23	3	0	8000
186	10	4	2	2	1	1	122	572	11	3	0	24000
82	847	2	1	1	1	2	48	660	0	3	0	8800
12	788	3	1	1	2	2	98	600	15	19	1	2990
82	711	2	1	1	0	1	98	600	15	0	0	7300
62	711	1	1	1	1	1	98	600	29	2	0	6300
90	10	2	1	1	1	1	107	532	22	2	0	7200
10	15	3	1	1	2	0	146	635	3	19	1	1830
60	465	2	1	1	1	1	172	97	23	3	0	8500
39	752	1	1	1	0	0	163	312	29	0	0	7200
127	631	2	2	1	1	1	163	147	23	3	0	23000
51	902	1	1	1	1	1	163	147	3	3	0	7000
122	631	2	2	1	1	0	163	147	11	2	0	20000
73	613	2	1	1	0	2	163	147	22	0	0	15000
91	481	2	2	2	1	0	163	147	23	3	0	17000
104	481	2	2	2	1	0	163	147	23	3	0	20000
48	902	1	1	1	1	0	163	147	3	3	0	7500
85	481	2	2	1	1	0	163	147	23	3	0	13000
64	997	2	1	1	1	0	163	147	23	3	0	13000
109	481	2	2	2	1	1	163	147	11	3	0	20000
64	997	2	1	1	0	1	163	147	22	0	0	13000
65	997	2	1	1	1	1	163	147	23	3	0	10000
108	481	2	2	1	1	2	163	147	23	3	0	20000
51	902	1	1	1	1	0	163	147	3	3	0	6800
70	997	2	1	1	1	1	163	147	23	3	0	12000
127	638	2	2	2	1	0	163	147	23	3	0	20000
39	752	1	0	1	1	0	163	312	29	3	0	7000
57	694	2	1	1	0	1	163	312	23	0	0	11000
73	14	2	1	1	0	0	30	474	16	0	0	7800
64	14	2	1	1	1	2	30	474	34	2	0	6500
56	14	2	1	1	1	2	30	474	23	2	0	5700
12	15	3	1	1	2	1	146	635	3	19	1	1830
62	15	2	1	1	1	2	146	635	22	8	1	4190
55	15	2	1	1	1	0	146	635	22	8	1	4430
89	15	2	1	1	1	2	146	635	11	2	0	4200
65	15	2	1	1	1	0	146	635	23	2	0	3500
136	10	3	2	1	1	0	107	532	23	3	0	10000
59	10	1	1	1	1	2	107	532	22	2	0	6090
90	10	2	1	1	1	0	107	532	23	2	0	6800
18	464	4	1	1	2	1	98	600	22	21	1	3790
14	788	3	1	1	2	1	98	600	3	15	1	3560
95	462	2	1	1	1	1	98	600	23	3	0	8800
92	612	2	1	1	0	1	98	600	22	0	0	7600
138	534	3	2	1	0	2	98	600	23	0	0	12000
75	788	2	1	1	0	2	98	600	15	0	0	7400
252	1024	6	2	4	1	2	48	660	22	3	0	30000
105	455	2	1	1	1	1	179	599	23	2	0	7500
60	458	2	1	1	0	1	112	93	23	0	0	8500
45	1007	1	1	1	1	2	112	93	22	3	0	5200
7	861	4	1	1	2	1	148	92	0	20	1	1890
80	504	3	1	1	1	3	69	603	23	2	0	11000
74	839	2	1	1	1	2	163	592	16	3	0	9600
55	749	2	1	1	1	1	98	364	11	3	0	5000
46	293	2	1	1	1	2	98	364	22	8	1	5990
61	622	2	1	1	1	1	163	592	34	3	0	9500
163	907	3	2	1	1	1	29	252	22	8	1	23130
96	1042	3	1	1	1	1	87	678	23	3	0	5000
102	890	3	1	1	1	0	87	678	35	3	0	5000
94	1042	3	1	1	0	0	87	678	23	0	0	5500
355	691	1	1	1	0	2	29	252	11	0	0	90000
79	907	1	1	1	1	1	29	252	29	25	1	13430
151	723	3	2	1	1	1	29	252	0	8	1	24000
223	889	3	1	1	1	2	29	252	23	3	0	35000
132	716	2	1	0	1	2	29	252	22	3	0	33000
63	814	1	1	1	0	0	29	252	0	0	0	12000
99	889	2	1	2	0	2	29	252	22	0	0	18000
159	771	3	1	2	1	1	29	252	23	3	0	23000
66	842	1	0	1	1	1	29	252	29	3	0	12500
97	1149	2	1	1	1	1	155	107	23	3	0	5500
67	840	2	1	1	1	0	163	592	16	2	0	15000
49	407	1	1	1	1	0	163	592	29	2	0	6500
55	658	2	1	1	1	1	163	592	3	2	0	7600
59	560	2	1	1	0	1	163	592	22	0	0	9000
42	560	1	1	1	1	1	163	592	22	2	0	6500
50	658	2	0	1	1	0	163	592	3	2	0	6000
77	665	3	1	1	1	2	163	592	8	3	0	15000
56	840	2	1	1	1	2	163	592	34	3	0	9500
93	596	1	1	1	1	2	69	603	7	2	0	15000
67	537	2	1	1	0	0	69	603	23	0	0	7800
72	586	2	2	1	1	1	69	603	22	2	0	8000
94	586	3	1	1	1	2	69	603	23	3	0	10500
30	753	1	0	1	0	1	69	603	22	0	0	5200
12	861	7	1	1	2	2	148	92	22	22	1	2860
97	617	2	1	1	1	1	148	92	23	3	0	5000
58	989	2	1	1	1	2	112	93	22	3	0	8000
32	658	1	1	1	1	3	112	93	22	2	0	3700
72	1145	1	1	1	1	0	45	613	23	3	0	6200
16	10	3	1	1	2	0	139	78	0	0	1	3190
10	10	2	1	1	2	2	139	78	0	17	1	3060
11	807	3	1	1	2	1	3	250	22	20	1	2660
11	14	3	1	1	2	0	22	141	29	20	1	2660
161	14	3	2	2	1	0	52	245	23	3	0	19000
51	703	2	1	1	1	2	163	573	22	2	0	8000
141	10	3	1	2	1	2	120	134	32	2	0	14000
121	491	2	1	1	1	2	79	217	22	3	0	15000
34	1134	1	0	0	1	3	143	658	22	4	0	1200
122	1126	3	2	1	1	1	143	658	23	3	0	10000
47	904	1	0	1	1	1	143	658	0	2	0	5300
135	713	3	1	2	0	2	143	658	34	0	0	12000
100	791	2	1	1	1	0	143	658	15	3	0	10500
62	675	1	1	1	1	2	143	658	29	3	0	6000
60	1045	1	0	1	0	1	143	658	22	0	0	5700
75	491	3	1	2	1	0	79	217	0	3	0	20000
91	491	3	1	1	0	1	79	217	0	0	0	11000
7	1020	3	1	1	2	0	3	250	0	20	1	2230
96	679	3	1	1	1	2	3	250	23	3	0	7500
85	961	2	2	1	0	0	3	250	23	0	0	6000
45	10	1	1	1	1	2	139	78	22	3	0	5200
70	156	1	1	1	1	1	46	170	0	3	0	11000
14	10	4	1	1	2	1	114	246	22	19	1	3330
81	10	2	2	1	1	2	114	246	32	3	0	8000
29	10	2	0	1	1	1	114	246	0	3	0	5600
30	14	1	1	1	1	1	11	483	22	8	1	5660
44	14	1	1	1	1	0	11	483	22	8	1	5630
40	14	1	1	1	1	2	11	483	22	8	1	5390
64	14	2	1	1	1	0	11	483	34	3	0	7800
60	14	2	1	1	1	1	11	483	32	3	0	6000
93	10	2	2	1	1	1	114	246	23	3	0	7000
32	10	3	0	1	1	1	114	246	23	3	0	7300
93	10	2	2	1	1	1	114	246	23	3	0	8300
439	10	5	2	3	1	1	114	246	23	4	0	50000
34	10	3	0	1	1	2	114	246	22	3	0	6700
91	10	2	1	1	1	1	114	246	28	3	0	8600
175	462	2	1	2	1	0	161	567	29	3	0	25000
143	462	2	1	2	1	1	161	567	3	3	0	23000
342	603	5	2	4	1	2	161	567	26	3	0	58000
125	462	2	1	2	1	1	161	567	3	3	0	22000
171	10	3	1	1	1	0	46	170	22	8	1	21000
158	10	3	2	2	1	0	46	170	23	3	0	21000
159	629	3	2	2	1	1	46	170	23	3	0	24000
214	10	4	2	4	1	2	46	170	23	3	0	32000
146	10	3	1	2	1	1	46	170	22	3	0	18000
157	10	3	2	2	1	1	46	170	23	3	0	22000
86	10	2	1	1	1	1	46	170	15	3	0	12500
115	10	2	1	2	1	2	46	170	22	3	0	16000
224	10	3	2	3	1	0	46	169	23	3	0	30000
65	716	2	1	1	1	2	94	583	3	8	1	5930
50	721	2	1	1	1	1	169	224	22	8	1	6990
10	14	4	1	1	2	1	52	437	0	20	1	3260
37	10	1	1	1	1	0	93	480	3	8	1	5530
53	10	2	1	1	1	2	93	480	23	3	0	5800
230	14	4	2	2	1	0	52	339	23	3	0	30000
15	1112	3	1	1	2	0	64	648	22	21	1	2360
73	873	2	2	1	1	1	64	648	23	2	0	4300
64	1012	3	1	1	1	0	64	648	23	2	0	4600
74	1199	2	2	1	1	1	64	648	23	2	0	5000
73	789	2	2	1	1	1	64	648	23	2	0	4300
83	10	3	1	1	1	2	93	480	17	2	0	6500
18	14	4	1	1	2	0	52	437	22	22	1	4990
15	14	4	1	1	2	0	52	437	22	22	1	4790
43	14	1	1	1	1	1	52	437	29	3	0	6800
143	14	3	1	2	1	1	52	437	23	3	0	14500
108	14	2	1	1	1	2	52	437	23	3	0	13000
36	626	1	1	1	1	2	169	224	22	3	0	5400
61	848	2	1	1	1	2	94	583	0	8	1	6230
63	848	2	1	1	1	2	94	583	22	2	0	5000
71	964	2	1	1	1	0	94	583	23	2	0	5400
228	10	3	2	3	1	1	46	169	23	3	0	28000
66	10	1	1	1	1	0	46	169	0	3	0	10000
93	10	2	1	2	1	1	46	169	0	3	0	13500
228	10	3	2	3	1	1	46	169	23	3	0	28000
48	546	1	1	1	1	0	165	475	15	3	0	6000
87	15	2	2	1	1	1	134	176	34	3	0	10500
58	290	2	1	1	1	2	98	277	3	25	1	6230
14	1120	3	1	1	2	1	48	659	3	22	1	4390
63	15	2	1	1	1	2	146	282	29	8	1	4030
42	345	1	0	1	1	2	71	124	3	2	0	6200
40	995	1	1	1	1	0	148	25	22	8	1	4290
40	995	1	1	1	1	1	148	25	3	24	1	3690
47	995	2	1	2	1	2	148	25	0	3	0	4800
39	995	1	0	1	1	2	148	25	29	3	0	3500
98	388	3	1	1	1	2	167	376	23	2	0	14000
42	271	1	1	1	1	1	167	376	30	3	0	5500
82	522	2	2	1	1	2	167	376	23	2	0	7400
45	309	1	1	1	1	0	167	376	0	2	0	5700
56	15	2	1	1	1	2	146	282	23	3	0	4000
8	15	5	1	1	2	2	146	609	22	20	1	1860
8	15	3	1	1	2	2	146	609	22	22	1	1960
8	15	3	1	1	2	2	146	609	22	19	1	1830
9	1139	4	1	1	2	1	48	659	0	20	1	2790
9	1120	4	1	1	2	1	48	659	0	19	1	2790
45	351	1	1	1	1	0	98	277	16	2	0	4200
42	361	2	1	1	1	0	98	277	22	8	1	6230
43	479	1	1	1	1	3	98	277	3	3	0	3600
59	706	2	1	1	1	1	165	475	23	4	0	7200
56	706	2	1	1	1	0	165	475	23	3	0	7100
174	13	4	1	3	1	2	55	661	23	3	0	28000
177	13	4	2	3	1	0	55	661	26	3	0	30000
174	13	4	2	3	1	2	55	661	23	3	0	26000
76	14	2	1	1	1	0	102	529	29	8	1	11690
94	10	2	1	1	1	0	46	168	29	25	1	11890
15	854	3	1	1	2	2	13	173	0	21	1	2830
75	10	2	1	1	0	0	89	69	23	3	0	5800
9	15	4	1	1	2	1	52	267	29	12	1	3360
59	10	2	1	1	1	1	35	309	3	2	0	5600
17	1147	3	1	1	2	0	24	604	0	20	1	3690
70	1042	1	1	1	1	1	9	22	29	3	0	6800
61	10	2	1	1	1	2	35	309	23	2	0	5800
109	10	3	2	1	1	1	89	69	23	2	0	7200
76	843	2	1	1	1	0	13	173	29	2	0	6400
45	959	1	0	1	1	0	13	173	3	2	0	4600
88	863	2	1	1	1	0	13	173	22	2	0	7000
10	10	3	1	1	2	1	46	168	3	22	1	5190
81	14	3	0	2	1	2	102	529	16	3	0	9500
91	14	3	1	1	1	2	102	529	23	3	0	7000
56	452	3	1	1	1	0	100	400	23	2	0	6500
65	425	2	1	1	0	2	167	560	11	0	0	6800
57	452	2	1	1	1	2	100	400	23	3	0	6500
55	504	2	1	1	1	2	160	29	23	3	0	7300
18	671	4	1	1	2	0	153	509	34	21	1	3230
67	495	1	1	1	1	2	150	459	22	3	0	3800
132	778	3	1	2	1	1	149	6	23	3	0	13000
11	778	3	1	1	2	1	149	6	22	22	1	2560
36	690	1	0	1	1	2	95	692	22	3	0	4500
97	10	2	1	1	0	0	105	697	16	0	0	6800
71	10	3	0	2	1	1	46	468	3	3	0	18000
161	716	2	0	1	1	2	162	230	29	3	0	25000
61	764	1	0	1	0	1	162	230	29	0	0	7200
12	10	3	1	1	2	0	46	468	22	21	1	3690
11	1116	3	1	1	2	1	46	468	22	21	1	4060
9	872	3	1	1	2	2	46	468	0	10	1	2660
63	10	3	0	2	1	1	46	468	29	3	0	13800
82	10	2	1	1	1	2	46	468	22	8	1	10190
10	1116	3	1	1	2	0	46	468	22	17	1	3260
11	10	3	1	1	2	2	46	468	22	19	1	3690
90	10	2	1	1	1	2	46	468	22	8	1	9530
89	1032	2	1	1	1	2	46	468	34	8	1	10890
89	872	2	1	1	1	1	46	468	22	8	1	10460
88	913	2	1	1	1	2	46	468	23	3	0	11000
42	1143	1	1	1	1	1	1	45	22	8	1	3590
41	907	1	1	1	1	1	1	45	3	8	1	3290
53	1155	2	1	1	1	0	1	45	22	3	0	4200
47	10	1	0	1	1	1	46	468	3	3	0	6700
69	10	1	1	1	1	0	46	468	16	3	0	7800
51	1115	2	1	1	1	2	88	41	22	8	1	5330
139	631	3	1	2	1	2	46	468	23	3	0	17000
154	10	3	1	2	0	0	105	697	23	0	0	8800
66	10	1	1	1	0	0	105	697	29	0	0	5000
90	690	2	1	1	1	2	95	692	23	3	0	8500
36	579	1	0	1	1	1	95	692	22	3	0	4500
39	644	1	0	1	1	0	95	692	29	3	0	4400
36	579	1	0	1	1	1	95	692	22	3	0	4500
91	579	2	1	1	1	2	95	692	22	3	0	8500
34	724	1	0	1	1	0	95	692	4	3	0	4000
38	724	1	0	1	1	2	95	692	3	3	0	4300
90	690	2	1	1	1	0	95	692	23	3	0	8400
46	724	1	0	1	1	2	95	692	3	3	0	6000
36	690	1	0	1	1	1	95	692	22	3	0	4500
37	724	1	0	1	1	0	95	692	3	3	0	4300
91	690	2	1	1	1	0	95	692	23	3	0	8500
39	644	1	0	1	1	1	95	692	29	3	0	4400
90	690	2	1	1	1	0	95	692	23	3	0	8500
92	724	1	1	1	1	2	95	692	23	3	0	8500
37	724	1	0	1	1	1	95	692	3	3	0	4300
23	824	3	1	1	2	2	149	6	22	22	1	3390
89	778	2	1	1	1	0	149	6	16	3	0	7500
92	856	2	1	1	1	1	149	6	22	3	0	6800
11	675	3	1	1	2	1	153	509	16	17	1	2390
68	671	1	1	1	1	0	153	509	23	3	0	4900
69	546	1	1	1	1	0	153	509	26	3	0	4900
88	14	1	1	1	1	1	15	341	0	25	1	9230
10	481	3	1	1	2	2	5	511	0	19	1	2390
92	143	2	1	1	1	2	95	314	22	8	1	7190
20	788	3	1	1	2	2	101	707	0	20	1	3990
23	770	3	1	1	2	1	48	626	0	21	1	4390
91	947	2	1	1	1	1	48	626	23	3	0	8600
58	512	1	1	1	1	1	69	588	22	8	1	8190
13	484	3	1	1	2	0	100	397	22	17	1	3190
46	1150	1	1	1	1	0	27	715	22	3	0	5950
58	1076	2	1	1	1	2	72	42	22	25	1	7950
56	951	3	0	1	1	1	72	42	11	2	0	6000
61	13	2	1	1	1	1	43	441	16	2	0	7500
60	778	1	1	1	0	2	69	588	22	0	0	6800
42	294	1	0	1	1	1	69	588	3	3	0	6500
59	733	1	1	1	1	1	69	588	3	3	0	6600
59	560	1	1	1	1	1	69	588	22	3	0	7800
10	1036	4	1	1	2	2	48	626	22	19	1	3190
73	943	1	1	1	1	0	48	626	29	3	0	7000
55	770	1	0	1	0	1	48	626	29	0	0	5800
135	876	3	2	2	1	1	101	707	32	3	0	8000
42	152	3	0	1	0	0	58	38	23	0	0	6000
71	143	2	1	1	1	1	95	314	22	3	0	6500
9	14	3	1	1	2	2	52	242	22	21	1	2860
15	782	4	1	1	2	0	5	511	22	15	1	3330
14	696	4	1	1	2	0	5	511	22	19	1	2590
20	620	4	1	1	2	2	5	511	22	22	1	3590
13	971	4	1	1	2	0	5	511	22	17	1	2390
20	723	3	1	1	2	2	5	511	22	22	1	3560
17	723	3	1	1	2	2	5	511	0	20	1	2660
20	524	4	1	1	2	1	5	511	22	22	1	3560
22	524	4	1	1	2	2	5	511	22	21	1	3190
16	782	4	1	1	2	1	5	511	29	22	1	3460
95	764	2	1	1	1	1	5	511	3	3	0	6000
25	14	6	1	1	2	2	15	341	22	9	1	4030
127	14	3	2	2	1	2	15	341	32	3	0	16000
119	14	2	1	1	1	1	15	341	34	3	0	13000
79	10	2	1	1	1	0	107	430	29	24	1	6330
7	1057	4	1	1	2	0	147	58	29	9	1	1890
10	14	3	1	1	2	0	36	390	22	17	1	3230
132	835	3	1	1	0	0	55	324	16	0	0	23500
9	15	3	1	1	2	1	146	607	0	19	1	1830
58	1150	2	1	1	1	2	56	434	22	8	1	7730
15	1075	2	1	1	2	0	56	434	22	22	1	4190
109	10	2	1	1	0	0	37	316	23	0	0	13500
155	10	3	1	2	1	0	37	316	23	3	0	18000
45	993	1	1	1	1	1	56	434	16	3	0	5800
40	1150	1	1	1	1	1	56	434	22	3	0	5600
9	15	3	1	1	2	2	146	607	0	20	1	1760
9	15	3	1	1	2	2	146	607	0	19	1	1730
62	15	2	1	1	1	2	146	607	23	2	0	3300
88	15	3	1	1	0	1	146	607	4	0	0	4800
72	15	2	1	1	1	1	146	607	11	3	0	3700
94	15	3	1	1	1	2	146	607	22	2	0	4800
62	15	2	1	1	1	2	146	607	23	2	0	3200
140	835	3	1	1	1	2	55	324	16	3	0	22000
212	890	1	1	1	1	2	55	324	32	2	0	34000
205	890	1	1	1	1	2	55	324	15	2	0	32000
132	835	1	0	1	1	2	55	324	34	2	0	22000
205	890	1	1	1	1	1	55	324	15	3	0	36500
87	14	2	1	1	1	0	36	390	22	3	0	12000
8	1108	3	1	1	2	1	147	58	16	20	1	1930
72	1191	2	1	1	1	2	13	50	22	8	1	7030
136	1032	3	2	2	1	2	13	50	26	3	0	9500
61	1096	1	1	1	1	0	13	50	0	8	1	5690
52	1191	1	0	1	1	1	13	50	22	3	0	5100
60	992	1	1	1	1	2	13	50	0	3	0	4800
61	1096	1	1	1	1	0	13	50	0	3	0	4900
125	10	3	1	2	1	0	107	430	23	3	0	11000
134	15	3	2	2	1	2	52	40	23	3	0	21000
145	15	4	2	2	1	0	52	40	23	3	0	24000
105	703	3	1	1	1	1	162	333	15	3	0	12000
356	10	5	3	3	1	2	56	460	16	2	0	40000
223	367	4	2	3	1	2	162	342	23	2	0	20000
101	436	3	1	1	0	0	162	342	29	0	0	9500
14	895	3	1	1	2	0	23	179	29	19	1	3190
13	1034	3	1	1	2	2	23	179	22	18	1	2830
9	775	4	1	1	2	1	47	477	0	20	1	2360
11	10	3	1	1	2	1	49	585	22	13	1	3690
51	1068	1	1	1	1	1	161	165	15	3	0	6300
86	633	2	1	1	1	0	26	72	22	3	0	9000
59	796	1	1	1	1	2	26	72	22	3	0	7000
8	10	3	1	1	2	0	107	431	0	19	1	2790
50	519	1	1	1	1	1	168	392	11	3	0	5500
46	683	1	1	1	1	2	168	392	23	3	0	4800
86	633	2	1	1	1	1	26	72	22	3	0	8800
10	676	3	1	1	2	0	47	477	0	20	1	2490
272	722	5	4	3	1	2	47	477	23	3	0	22000
212	647	4	2	3	1	1	47	477	23	2	0	15000
147	846	3	1	2	1	0	47	477	16	3	0	9000
147	846	3	1	2	1	2	47	477	34	3	0	8600
43	897	1	1	1	1	1	23	179	11	2	0	4500
43	973	1	1	1	1	1	23	179	11	3	0	4600
59	973	2	1	1	1	2	23	179	23	2	0	5000
98	859	3	1	1	0	2	23	179	16	0	0	7500
138	477	3	2	2	1	0	162	342	34	2	0	14000
128	518	3	2	2	1	1	162	342	32	3	0	13000
142	518	3	2	2	1	0	162	333	11	3	0	14500
58	801	1	0	1	1	1	162	333	3	3	0	5000
185	494	3	2	2	1	0	162	333	16	3	0	19000
52	712	1	0	1	1	0	162	333	0	3	0	6000
144	15	4	2	2	1	1	52	40	23	3	0	21000
134	15	3	1	2	1	0	52	40	23	3	0	21500
11	485	2	1	1	2	1	143	287	3	19	1	3260
56	1008	2	1	1	1	2	144	396	23	2	0	4300
13	842	4	1	1	2	1	12	56	22	22	1	3690
12	650	3	2	1	2	1	7	619	22	16	1	4930
67	10	3	1	1	1	1	56	479	23	3	0	10500
54	13	2	1	1	1	0	27	354	22	2	0	10000
56	14	1	1	1	1	0	22	0	0	8	1	5260
73	10	1	1	1	1	0	46	455	22	3	0	10000
64	10	2	1	1	1	2	40	257	23	2	0	7000
53	10	1	1	1	1	1	40	257	34	3	0	4600
56	10	2	1	1	1	1	40	257	23	2	0	5500
52	10	1	0	1	1	2	46	455	3	3	0	8000
40	14	1	1	1	1	1	22	0	0	24	1	5130
54	14	1	1	1	1	1	22	0	22	3	0	6600
19	650	3	2	1	2	1	7	619	22	17	1	5390
15	605	4	1	1	2	2	7	619	22	19	1	5390
7	712	3	1	1	2	2	7	619	29	17	1	3860
264	850	3	2	2	1	0	7	619	3	3	0	45000
13	605	4	1	1	2	2	7	619	3	21	1	4160
53	605	1	0	1	1	2	7	619	0	2	0	8000
53	850	1	0	1	0	2	7	619	0	0	0	8500
103	650	2	1	2	0	2	7	619	8	0	0	15000
106	850	2	1	2	0	0	7	619	16	0	0	14000
134	650	2	1	2	1	1	7	619	16	3	0	15500
48	650	1	0	1	1	0	7	619	0	2	0	8000
48	650	1	1	1	1	2	7	619	0	3	0	8500
18	981	3	1	1	2	1	12	56	3	18	1	3330
99	842	2	1	1	1	2	12	56	17	3	0	7700
103	1164	2	2	2	1	0	12	56	16	3	0	8000
55	1008	2	1	1	0	1	144	396	16	0	0	4500
83	485	2	1	1	1	2	143	287	16	2	0	6000
109	316	2	2	1	1	2	143	287	23	3	0	7800
83	379	3	1	1	1	1	143	287	7	2	0	5800
10	10	3	1	1	2	0	53	558	22	19	1	3660
43	720	1	1	1	1	2	92	143	22	8	1	5790
7	15	3	1	1	2	2	146	574	0	20	1	1830
35	15	1	0	1	1	1	145	332	29	3	0	3200
70	1146	2	1	1	1	2	19	156	11	2	0	5000
48	14	1	1	1	1	2	92	145	22	3	0	5000
63	14	2	1	1	1	1	92	145	34	2	0	6000
63	14	2	1	1	1	0	92	145	25	2	0	5500
39	585	1	1	1	1	1	161	52	22	2	0	5600
10	13	1	1	1	2	0	126	254	22	21	1	7390
73	13	3	1	1	1	0	126	254	11	3	0	18000
9	13	3	1	1	2	1	126	254	29	12	1	4060
76	532	2	1	1	0	2	161	52	11	0	0	8500
43	446	1	1	1	1	0	160	674	22	8	1	6780
61	714	2	1	1	0	2	160	674	22	0	0	6800
84	707	3	1	1	1	2	160	674	9	3	0	9000
50	137	2	1	1	1	1	160	674	9	2	0	6800
59	473	1	1	1	0	1	160	674	0	0	0	6200
62	585	2	1	1	1	0	161	52	22	2	0	7800
69	455	2	1	1	1	1	161	52	11	3	0	9500
45	240	1	1	1	1	1	161	52	3	2	0	6000
48	14	1	1	1	1	2	92	145	22	3	0	5000
62	1146	2	1	1	1	3	19	156	23	3	0	5200
35	15	1	0	1	1	1	145	332	29	3	0	3300
31	15	1	0	1	1	0	145	332	3	3	0	3000
28	15	1	0	1	1	1	145	332	29	2	0	3000
8	15	3	1	1	2	2	146	574	0	20	1	1930
8	15	3	1	1	2	1	146	574	0	20	1	1790
11	15	3	1	1	2	2	146	574	22	19	1	2190
9	15	3	1	1	2	1	146	574	22	19	1	1990
10	15	3	1	1	2	2	146	574	22	22	1	2330
8	15	3	1	1	2	0	146	574	22	19	1	2590
10	15	3	1	1	2	1	146	574	0	20	1	1790
70	15	2	1	1	1	2	146	574	23	2	0	3500
48	15	1	1	1	1	2	146	574	23	3	0	3500
62	15	1	1	1	0	1	146	574	23	0	0	3800
36	15	1	0	1	1	1	146	574	22	3	0	3200
37	15	2	1	1	1	2	146	574	23	2	0	3500
77	15	2	2	1	1	2	146	574	23	3	0	4000
32	15	1	0	1	1	1	146	574	22	3	0	3000
75	15	1	2	1	1	2	146	574	23	2	0	4000
58	15	2	1	1	1	1	146	574	23	3	0	3800
62	787	2	1	1	1	1	92	143	22	2	0	5800
56	880	2	1	1	1	1	92	143	23	2	0	5800
7	10	3	1	1	2	0	53	558	22	20	1	3230
9	10	3	1	1	2	0	53	558	29	20	1	3490
61	10	2	1	1	1	2	53	558	22	3	0	6500
60	1163	2	1	1	1	2	53	558	22	2	0	6600
47	1144	1	1	1	1	0	53	558	34	2	0	5000
10	10	2	1	1	2	1	119	82	34	14	1	3490
11	14	4	1	1	2	1	52	546	15	19	1	3290
89	890	2	1	1	1	1	45	263	29	8	1	10290
52	13	1	1	1	1	1	12	251	3	3	0	6000
14	15	3	1	1	2	1	54	270	0	20	1	3190
95	13	2	1	1	1	2	12	251	22	3	0	8000
65	13	2	1	1	1	1	12	251	22	3	0	8500
59	686	2	1	1	0	2	138	121	23	0	0	8000
249	825	4	2	3	1	2	74	213	23	3	0	39000
10	10	3	1	1	2	1	107	644	3	20	1	2790
137	15	3	2	2	1	1	52	268	23	3	0	15500
93	15	2	2	1	1	1	52	268	23	3	0	11800
130	15	3	2	2	1	1	52	268	23	3	0	14000
52	15	1	0	1	1	1	52	268	0	3	0	7000
240	794	4	2	4	1	1	74	213	23	3	0	36000
240	794	4	2	4	1	1	74	213	23	3	0	36000
147	713	3	1	2	1	0	74	213	34	3	0	22000
209	1031	3	2	2	1	1	74	213	23	3	0	32000
67	10	2	1	1	1	0	138	121	34	2	0	10000
54	13	1	0	1	1	2	12	251	22	3	0	6000
89	13	2	1	1	1	2	12	251	15	3	0	8500
52	13	1	1	1	1	0	12	251	3	3	0	7300
213	13	3	2	3	1	1	12	251	23	3	0	25000
62	13	2	1	2	1	2	12	251	22	3	0	9000
66	13	2	1	1	1	1	12	251	3	3	0	6300
91	15	2	1	1	1	2	52	546	16	3	0	9500
91	14	2	1	1	1	2	52	546	34	3	0	8500
96	14	3	1	1	1	1	52	546	15	3	0	10000
8	1134	3	1	1	2	0	67	581	22	21	1	3060
133	641	3	1	2	0	0	12	514	23	0	0	13000
109	676	3	1	1	1	2	12	514	17	3	0	9500
88	943	2	1	1	1	0	143	657	23	3	0	8000
77	10	3	1	1	1	0	116	487	16	3	0	8500
59	636	1	1	1	1	1	169	498	0	2	0	7200
9	851	3	1	1	2	1	160	328	0	19	1	2990
12	834	4	1	1	2	0	175	91	0	21	1	3730
190	694	3	2	2	0	0	72	525	23	0	0	25000
60	728	2	1	1	1	2	113	160	34	2	0	6500
140	730	3	2	2	1	1	72	525	32	3	0	19000
111	1111	2	0	1	1	0	72	525	0	3	0	13000
115	694	3	1	1	1	2	72	525	15	8	1	17000
111	1111	4	0	2	1	0	72	525	0	3	0	14500
75	1111	3	0	1	1	0	72	525	0	3	0	12000
76	10	3	1	1	1	2	35	387	23	3	0	8000
9	10	3	1	1	2	0	35	387	3	20	1	3060
110	10	2	2	1	1	2	35	387	11	3	0	10000
140	730	3	2	2	1	1	72	525	15	3	0	20000
140	730	3	1	2	1	2	72	525	32	3	0	20000
10	796	3	1	1	2	1	10	618	22	12	1	2730
9	591	3	1	1	2	2	16	111	0	20	1	3360
88	719	3	1	1	1	0	16	111	16	3	0	11000
241	1061	4	2	3	1	0	45	36	8	3	0	43000
11	889	3	1	1	2	1	10	618	22	17	1	3330
90	1074	2	1	1	1	0	10	618	11	3	0	8500
70	818	1	1	1	1	0	10	618	22	3	0	7500
54	910	1	1	1	1	1	10	618	11	3	0	6300
53	974	1	0	1	1	0	10	618	22	3	0	5800
93	1074	2	1	1	1	0	10	618	15	3	0	7500
48	889	1	0	1	1	1	10	618	0	3	0	6300
241	926	3	2	3	1	1	72	525	23	3	0	37000
189	710	3	2	2	1	1	72	525	23	3	0	25000
232	675	3	2	2	1	1	72	525	16	3	0	30000
91	694	1	1	1	1	1	72	525	22	3	0	16000
253	759	3	1	3	1	0	72	525	23	3	0	36000
91	694	2	1	1	0	1	72	525	22	0	0	20000
163	710	3	2	2	1	0	72	525	23	3	0	24000
97	730	2	1	1	0	0	72	525	3	0	0	16500
115	694	3	1	2	1	2	72	525	15	3	0	17000
156	710	3	1	2	1	1	72	525	23	3	0	25000
164	857	4	2	2	1	0	175	91	9	2	0	21000
47	673	1	1	1	1	2	175	91	22	3	0	6800
68	879	2	1	1	1	2	175	91	22	3	0	8500
47	879	1	1	1	1	2	175	91	29	2	0	5700
47	879	1	1	1	1	2	175	91	16	3	0	6800
121	834	3	2	2	1	1	175	91	8	3	0	15000
135	646	3	1	1	1	2	175	91	12	2	0	18000
67	732	2	1	1	1	0	175	91	23	3	0	8000
58	673	1	1	1	1	2	175	91	30	3	0	6900
127	984	3	1	2	1	1	175	91	9	3	0	15800
58	941	2	1	1	1	1	160	328	23	2	0	6800
54	941	2	1	1	0	3	160	328	23	0	0	6000
63	10	2	1	1	1	2	116	487	22	3	0	7700
12	710	3	1	1	2	0	143	657	22	22	1	3330
88	959	3	1	1	1	0	143	657	11	3	0	11500
87	754	3	1	1	1	1	143	657	23	3	0	12000
72	13	1	1	1	1	1	49	233	22	3	0	14000
86	1186	2	1	1	1	1	14	248	22	3	0	8500
57	464	1	1	1	0	2	75	39	0	0	0	7000
60	464	1	1	1	1	1	75	39	0	3	0	7300
58	1165	2	1	1	1	2	29	418	29	8	1	8290
11	14	3	1	1	2	0	52	344	22	17	1	3430
61	740	2	1	1	1	1	29	418	22	2	0	7500
98	464	2	1	1	1	0	75	39	23	3	0	10700
60	333	1	1	1	1	2	95	33	22	2	0	5000
568	1162	2	0	1	1	1	176	27	10	2	0	66667
57	464	1	1	1	1	0	75	39	0	3	0	7200
58	610	1	1	1	1	0	75	39	0	3	0	6800
40	610	1	0	1	1	0	75	39	0	3	0	5500
60	366	2	1	1	1	2	68	76	11	3	0	8000
136	1179	3	1	2	1	1	14	248	23	3	0	15000
147	1151	3	2	2	1	0	14	248	26	3	0	15000
145	698	3	1	1	0	1	5	512	23	0	0	11000
169	873	3	2	2	1	2	5	512	23	3	0	12000
231	617	5	2	3	1	0	5	512	22	3	0	7200
151	617	2	1	1	1	0	5	512	3	2	0	15000
162	13	3	1	1	1	0	49	233	22	8	1	28000
245	13	4	3	2	1	0	49	233	23	2	0	38000
61	14	2	1	1	0	1	11	391	23	0	0	6000
9	795	3	1	1	2	0	9	505	16	19	1	2760
57	14	1	1	1	1	1	52	23	0	8	1	6290
179	15	5	1	1	1	0	54	269	3	2	0	25000
53	14	2	1	1	1	2	83	108	22	2	0	5100
11	914	2	1	1	2	1	51	520	3	19	1	3760
13	914	2	1	1	2	0	51	520	3	15	1	3930
14	914	2	1	1	2	1	51	520	3	22	1	4090
108	1013	2	1	2	1	2	179	89	23	3	0	7000
10	1095	3	1	1	2	0	142	718	22	22	1	2690
12	14	3	1	1	2	0	52	543	22	19	1	3860
9	14	3	1	1	2	0	52	543	22	19	1	3490
58	906	2	1	1	1	2	113	266	23	3	0	6500
11	14	3	1	1	2	0	52	543	22	19	1	3560
13	14	3	1	1	2	0	52	543	22	17	1	3490
96	14	3	1	1	1	0	52	543	16	2	0	7300
82	14	2	1	1	1	1	52	543	16	3	0	13000
100	14	3	1	2	1	2	52	543	34	2	0	9500
9	713	3	1	1	2	1	142	718	22	19	1	2590
14	807	2	1	1	2	2	142	718	22	22	1	3090
9	602	3	1	1	2	1	142	718	22	19	1	2490
62	844	2	1	1	0	0	142	718	22	0	0	5000
46	934	2	1	1	0	0	142	718	23	0	0	4500
84	1101	3	1	1	1	0	142	718	23	3	0	7300
55	368	2	0	1	1	0	179	348	0	3	0	5600
220	454	4	0	3	1	0	179	348	15	3	0	24000
92	371	2	1	1	1	2	179	348	23	3	0	8000
35	748	1	0	1	0	2	179	348	22	0	0	4200
68	204	3	0	1	1	2	179	348	15	3	0	6500
250	454	5	0	4	1	1	179	348	34	3	0	25000
51	631	2	0	1	1	0	179	348	22	3	0	5100
91	426	2	2	1	1	1	179	348	23	3	0	9000
91	426	2	1	1	1	0	179	348	23	3	0	8200
92	371	2	1	1	1	1	179	348	23	3	0	8200
251	454	5	0	3	1	2	179	348	34	3	0	24000
15	13	3	1	1	2	1	53	199	0	22	1	3690
62	13	2	1	1	1	0	53	199	18	3	0	8000
14	13	3	1	1	2	2	53	199	22	13	1	3530
46	13	1	1	1	1	2	53	199	22	3	0	5800
16	946	6	1	1	2	2	154	579	22	20	1	2660
54	636	2	1	1	1	1	50	516	11	3	0	6500
69	835	2	1	1	1	1	166	625	3	8	1	7960
94	835	2	1	1	1	1	166	625	16	3	0	8000
90	662	3	1	2	1	2	72	214	23	3	0	13000
108	857	2	1	2	1	1	166	625	34	2	0	9200
15	747	3	1	1	2	2	154	579	22	21	1	2630
95	810	2	1	1	1	1	154	579	23	2	0	5500
121	10	2	2	2	1	2	89	346	16	3	0	8500
48	10	1	0	1	1	1	89	346	22	3	0	5600
87	10	2	1	1	1	1	89	346	32	3	0	6800
48	10	1	1	1	0	1	89	346	22	0	0	5500
56	10	2	1	1	1	1	51	520	15	3	0	7000
9	14	4	1	1	2	1	52	23	0	19	1	3290
57	14	1	1	1	1	1	52	23	0	3	0	7300
125	14	3	2	2	1	1	52	23	16	3	0	13000
160	14	3	2	2	1	2	15	711	23	3	0	28000
137	14	2	2	2	1	2	15	711	16	3	0	22000
316	14	5	3	5	1	2	15	711	20	3	0	150000
174	14	2	2	2	1	0	15	711	34	3	0	25000
174	14	3	1	2	1	0	15	711	16	3	0	28000
222	14	3	2	2	0	1	15	711	23	0	0	30000
123	14	1	2	2	0	0	15	711	22	0	0	20000
13	551	3	1	1	2	0	76	221	29	22	1	3630
77	875	3	1	1	1	0	76	221	23	2	0	12000
222	14	4	2	2	1	0	15	711	23	3	0	30000
110	14	2	2	2	0	0	52	23	22	0	0	12500
88	576	1	1	1	1	0	9	505	29	3	0	7800
58	576	1	0	1	1	0	9	505	29	2	0	5600
73	719	1	1	1	1	2	9	505	22	3	0	8000
131	576	3	1	2	1	0	9	505	3	2	0	10000
133	719	2	1	1	1	1	9	505	3	3	0	10500
39	878	1	1	1	0	2	19	554	23	0	0	4300
43	930	1	1	1	1	1	149	331	22	8	1	4130
11	883	3	1	1	2	1	155	630	0	19	1	2360
9	814	4	1	1	2	0	47	44	0	17	1	2290
61	398	2	1	1	1	2	35	200	23	2	0	5300
42	827	1	1	1	1	1	148	584	22	8	1	4590
72	855	3	1	1	0	1	172	12	3	0	0	8000
10	1075	3	1	1	2	0	117	642	0	20	1	2590
11	1039	3	1	1	2	0	13	37	22	19	1	2660
56	715	2	1	1	1	0	148	181	16	2	0	3500
14	1182	2	1	1	2	0	117	642	22	22	1	3090
59	1056	2	1	1	1	0	117	642	22	8	1	6550
35	1101	1	1	1	1	1	117	642	3	24	1	5960
26	438	1	1	1	1	2	117	642	29	8	1	5890
60	963	2	1	1	1	1	117	642	23	3	0	6200
45	1129	1	1	1	1	2	117	642	22	2	0	5000
48	855	1	1	1	1	0	172	12	11	3	0	7500
43	814	1	1	1	1	0	148	584	0	8	1	4190
70	814	1	1	1	1	2	148	584	3	8	1	5130
28	827	2	1	1	2	2	148	584	22	21	1	3090
42	827	1	1	1	1	1	148	584	22	8	1	4330
12	652	3	1	1	2	2	148	584	22	19	1	2330
94	764	2	2	1	1	0	148	584	23	2	0	5500
110	579	2	1	2	1	2	148	584	23	3	0	5800
14	1122	4	1	1	2	0	155	630	22	22	1	2930
61	798	1	1	1	0	1	149	331	23	0	0	4200
13	930	5	1	1	2	2	149	331	22	21	1	2330
44	785	1	0	1	1	0	149	331	22	3	0	3500
107	785	3	2	2	1	1	149	331	22	3	0	5800
54	1021	1	1	1	1	1	168	386	22	2	0	5500
42	13	1	1	1	1	2	126	571	22	3	0	5800
43	14	1	1	1	1	1	40	484	22	8	1	5690
45	14	2	1	1	1	0	40	484	22	8	1	6790
7	14	3	1	1	2	2	40	484	0	17	1	2590
14	14	2	1	1	2	0	40	484	22	22	1	3890
11	14	3	1	1	2	1	40	484	32	21	1	2660
54	10	2	1	1	1	2	40	484	23	2	0	5300
57	661	1	1	1	1	1	168	386	34	2	0	5300
10	370	3	1	1	2	1	32	445	0	20	1	2790
57	837	1	1	1	1	1	163	148	29	8	1	11630
61	485	1	0	1	1	1	75	46	0	3	0	6000
68	837	1	0	1	1	1	163	148	3	3	0	12000
41	1025	1	1	1	1	2	26	617	22	8	1	4730
49	1102	1	1	1	1	2	18	637	0	8	1	6230
137	738	2	1	2	1	0	20	582	15	3	0	27000
81	524	1	0	0	1	2	7	523	0	2	0	23000
140	788	2	1	1	1	2	96	276	23	3	0	11000
113	1062	1	0	0	1	0	42	457	32	2	0	23000
81	786	2	1	1	1	2	57	589	11	3	0	5700
153	543	3	2	2	1	1	175	177	23	3	0	24200
108	14	2	1	2	1	2	36	598	32	3	0	11500
157	14	3	2	2	1	2	36	598	16	3	0	25000
109	14	2	1	2	1	1	36	598	15	3	0	10000
186	567	4	2	3	1	1	57	589	23	3	0	12000
23	919	3	1	1	2	1	57	589	22	15	1	3690
100	904	2	1	2	1	1	57	589	23	3	0	5800
169	644	3	1	2	1	0	57	589	8	3	0	8800
99	941	2	1	2	1	0	57	589	23	2	0	6300
240	1062	1	0	0	1	1	42	457	11	3	0	46000
156	1062	1	0	0	1	0	42	457	15	2	0	30000
126	710	3	1	0	1	0	42	457	34	3	0	25000
241	1062	6	0	0	1	0	42	457	3	2	0	47888
122	710	2	1	0	1	2	42	457	15	3	0	26100
190	718	3	2	2	0	0	42	457	23	0	0	26000
78	767	1	1	1	1	2	42	457	22	3	0	10500
74	767	1	1	1	1	2	42	457	0	2	0	11000
78	767	1	1	1	1	2	42	457	22	3	0	10000
65	788	1	1	1	1	1	96	276	29	3	0	6000
61	620	1	1	1	0	2	7	523	15	0	0	13000
148	616	3	1	0	1	0	7	523	0	2	0	38500
141	477	3	2	2	1	1	7	523	22	3	0	27000
144	477	3	1	2	1	1	7	523	22	3	0	29000
150	620	3	1	2	0	1	7	523	22	0	0	27000
143	572	3	1	1	0	0	7	523	22	0	0	26000
123	535	2	1	1	1	1	7	523	35	3	0	23800
131	10	2	1	2	1	2	20	582	16	3	0	26000
62	10	1	0	1	1	1	20	582	32	3	0	15000
190	10	3	2	2	1	2	20	582	36	3	0	38000
112	682	2	2	2	1	1	20	582	25	3	0	24000
325	10	4	1	3	1	0	20	582	23	3	0	65000
246	10	4	2	4	1	1	20	582	23	3	0	75000
117	1102	3	1	2	1	1	18	637	23	3	0	12800
68	837	1	1	1	1	0	163	148	3	8	1	11990
67	837	1	1	1	1	0	163	148	3	8	1	11860
57	837	1	0	1	1	0	163	148	29	3	0	11000
66	837	1	1	1	1	1	163	148	0	3	0	14000
57	837	1	0	1	1	0	163	148	22	3	0	14000
57	837	1	0	1	0	2	163	148	22	0	0	13000
84	837	2	1	1	1	1	163	148	29	3	0	15000
71	549	2	1	1	0	1	32	445	23	0	0	8000
60	840	2	1	1	0	2	32	445	23	0	0	7300
62	268	2	1	1	1	0	32	445	22	2	0	7500
47	724	1	0	1	0	2	74	212	22	0	0	8700
45	923	1	0	1	1	1	74	212	29	3	0	8500
107	1020	3	1	1	1	0	169	482	11	3	0	9500
97	257	2	1	1	1	2	54	17	29	3	0	8800
33	629	1	1	1	1	0	179	208	0	8	1	4490
10	10	3	1	1	2	1	107	531	22	20	1	2630
53	10	1	1	1	1	1	107	531	3	8	1	5790
20	10	4	1	1	2	1	107	531	0	19	1	4490
101	608	2	1	1	0	0	19	370	23	0	0	6500
23	10	4	1	1	2	0	107	531	22	21	1	3990
10	10	4	1	1	2	0	107	531	0	20	1	2790
11	10	4	1	1	2	0	107	531	0	19	1	2930
71	10	2	1	1	1	0	107	531	0	3	0	6000
49	10	1	0	1	1	1	107	531	29	3	0	5000
97	10	2	1	1	1	0	107	531	22	3	0	7300
88	10	2	2	1	1	1	107	531	4	3	0	6800
33	629	1	0	1	1	1	179	208	0	3	0	3500
33	565	1	0	1	1	0	179	208	0	3	0	3500
33	565	3	0	1	1	2	179	208	22	3	0	4500
33	565	3	0	1	1	2	179	208	22	3	0	4500
33	565	3	0	1	1	2	179	208	22	3	0	4500
33	629	1	0	1	0	1	179	208	22	0	0	3600
33	629	1	0	1	0	1	179	208	22	0	0	4000
42	553	1	0	1	1	1	179	208	3	3	0	3900
92	15	2	1	1	1	1	54	17	16	3	0	8500
115	743	3	1	2	1	1	54	17	7	3	0	12500
41	1006	1	1	1	0	3	169	482	22	0	0	4300
86	766	2	1	1	0	2	169	482	34	0	0	7200
48	729	1	1	1	1	1	169	482	22	2	0	4800
57	714	2	1	1	0	0	169	482	23	0	0	6500
107	1020	3	1	1	1	1	169	482	11	2	0	9000
42	10	1	1	1	1	0	17	688	0	2	0	5500
126	940	2	1	2	1	2	76	222	29	3	0	13500
69	729	2	1	1	1	2	171	569	11	3	0	8300
10	1041	3	1	1	2	0	151	261	3	22	1	2030
9	1041	3	1	1	2	2	151	261	0	19	1	1890
42	1003	1	1	1	1	0	160	53	22	24	1	5550
106	761	3	1	1	1	2	160	53	11	2	0	12000
70	710	1	0	1	0	1	131	677	0	0	0	8000
167	789	2	2	2	1	1	72	130	16	2	0	20000
81	1166	1	1	1	1	1	46	4	29	25	1	7890
247	967	5	2	4	1	0	9	634	23	2	0	23500
12	13	3	1	1	2	2	129	685	22	20	1	3090
12	13	3	1	1	2	1	129	685	0	17	1	3230
14	1166	3	1	1	2	1	46	4	22	22	1	3890
64	1166	1	1	1	0	0	46	4	34	0	0	8500
60	1113	1	1	1	1	0	46	4	0	3	0	8200
159	1160	4	1	2	1	1	131	677	23	3	0	32000
9	1041	3	1	1	2	0	151	261	22	20	1	1830
15	1041	3	1	1	2	0	151	261	3	21	1	2230
11	1041	3	1	1	2	0	151	261	3	22	1	1930
8	1041	3	1	1	2	0	151	261	0	20	1	1860
143	13	3	2	2	1	0	53	197	23	3	0	16000
59	1198	1	1	1	1	1	151	261	22	3	0	4000
86	1166	2	1	1	1	2	151	261	22	2	0	4800
55	868	1	0	1	1	0	76	222	0	2	0	7000
50	14	1	1	1	1	0	30	385	29	8	1	5460
69	14	2	1	1	1	1	30	385	23	2	0	6300
43	93	1	1	1	1	1	72	129	3	3	0	6000
151	14	2	2	2	0	1	39	319	36	0	0	18000
10	13	3	1	1	2	1	12	508	22	15	1	2760
125	439	3	2	2	1	1	95	627	22	3	0	9000
54	714	1	1	1	1	1	100	398	22	2	0	5000
100	14	2	1	1	1	0	39	57	0	3	0	10000
70	754	2	1	1	1	1	95	627	34	2	0	5800
200	410	4	2	2	1	2	95	627	23	2	0	16000
48	1075	1	1	1	1	0	95	652	3	8	1	4960
49	988	1	1	1	1	0	95	652	29	8	1	4760
49	988	1	1	1	1	0	95	652	22	3	0	4300
42	988	1	1	1	1	1	95	652	34	3	0	4000
10	13	4	1	1	2	0	12	508	0	20	1	2530
111	13	2	1	2	0	1	12	508	22	0	0	8800
199	13	4	1	2	1	0	12	508	8	3	0	25000
139	13	3	1	2	1	2	12	508	23	3	0	15000
147	13	3	2	2	1	0	12	508	23	3	0	17000
219	13	3	1	3	1	1	12	508	23	3	0	32000
166	319	3	2	2	1	0	70	164	23	2	0	16000
272	598	5	2	3	1	2	70	164	23	3	0	30000
44	925	1	0	1	0	2	144	412	22	0	0	3000
63	731	1	1	1	1	2	75	301	29	25	1	7690
195	695	3	2	3	1	1	75	301	16	3	0	27000
195	695	3	1	3	1	1	75	301	16	3	0	26000
74	695	1	1	1	1	0	75	301	29	3	0	7500
122	731	2	1	2	1	0	75	301	3	3	0	12000
82	14	2	1	1	0	2	82	547	29	0	0	6500
114	14	2	1	1	1	2	82	547	32	3	0	6000
75	501	2	1	1	1	0	45	81	25	2	0	7000
12	15	3	1	1	2	2	146	281	22	21	1	2090
46	714	1	1	1	1	1	109	570	23	2	0	5800
9	14	3	1	1	2	2	99	120	29	19	1	2790
53	816	1	1	1	1	0	130	651	22	8	1	5930
13	14	5	1	1	2	2	15	325	29	17	1	2860
44	1155	1	1	1	1	2	95	442	32	8	1	4660
47	1155	1	1	1	1	1	95	442	15	8	1	4930
47	1155	1	0	1	1	2	95	442	15	3	0	4200
48	1155	1	0	1	1	2	95	442	34	3	0	4500
86	14	2	1	1	1	2	15	325	16	3	0	9800
139	14	3	2	3	1	2	15	325	5	3	0	28000
93	14	2	1	1	0	0	15	325	20	0	0	10000
102	298	3	2	1	1	2	130	651	31	3	0	6800
11	443	3	1	1	2	1	130	651	22	17	1	3390
47	661	1	1	1	1	1	130	651	22	8	1	5890
51	721	1	1	1	1	1	130	651	22	8	1	6130
63	307	2	1	1	0	1	130	651	3	0	0	5500
90	724	3	1	1	1	1	130	651	23	2	0	7300
51	725	1	1	1	1	0	130	651	22	3	0	5500
92	588	2	1	1	1	2	130	651	26	3	0	6500
14	14	3	1	1	2	2	99	120	29	22	1	2690
7	14	3	1	1	2	2	99	120	22	20	1	2290
57	15	2	1	1	1	2	146	281	22	8	1	3930
13	15	3	1	1	2	1	146	281	22	22	1	2530
56	15	2	1	1	1	2	146	281	22	8	1	3930
59	15	2	1	1	1	2	146	281	22	8	1	4190
52	15	2	1	1	1	2	146	281	22	8	1	4190
15	15	3	1	1	2	2	146	281	22	22	1	1960
52	15	2	1	1	1	1	146	281	22	8	1	4130
6	15	3	1	1	2	2	146	281	0	20	1	1590
10	15	3	1	1	2	1	146	281	3	20	1	1990
52	15	2	1	1	1	2	146	281	22	8	1	4260
9	15	3	1	1	2	1	146	281	3	19	1	1730
56	15	2	1	1	1	1	146	281	22	8	1	4190
50	15	2	1	1	1	1	146	281	22	8	1	4290
8	15	3	1	1	2	1	146	281	0	19	1	1690
7	15	3	1	1	2	1	146	281	0	20	1	1590
14	15	3	1	1	2	0	146	281	22	22	1	2090
49	15	2	1	1	1	0	146	281	22	8	1	4490
7	15	3	1	1	2	0	146	281	0	20	1	1590
75	15	2	1	1	1	0	146	281	23	2	0	4200
8	15	3	1	1	2	0	146	281	0	19	1	1660
56	15	2	1	1	1	1	146	281	23	2	0	5000
63	15	1	1	1	1	2	146	281	23	3	0	4300
52	15	2	1	1	1	1	146	281	22	3	0	3500
54	1109	2	1	1	1	0	169	490	11	2	0	5800
192	10	3	2	2	1	1	30	653	3	3	0	18500
71	541	3	1	1	1	2	161	405	23	2	0	9600
56	541	2	1	1	0	0	161	405	23	0	0	8500
8	945	2	1	1	2	0	65	673	0	20	1	3130
58	10	2	1	1	1	2	11	375	22	25	1	6290
50	817	1	0	1	1	2	9	438	0	3	0	5980
145	1022	3	1	2	1	1	9	438	11	3	0	15000
308	847	4	2	3	1	0	9	438	23	3	0	35000
9	988	4	1	1	2	2	65	673	3	19	1	1890
10	895	3	1	1	2	1	65	673	3	20	1	1890
45	988	4	1	1	2	2	65	673	22	19	1	3190
145	1125	3	2	2	2	2	96	279	32	2	0	9500
226	1156	4	2	3	1	2	96	279	23	2	0	16000
37	559	1	1	1	0	1	136	211	22	0	0	6200
69	803	2	1	1	1	0	54	18	22	8	1	8390
46	15	1	0	1	1	0	38	640	0	2	0	5500
42	533	1	1	1	1	1	148	183	22	8	1	4290
41	689	1	1	1	1	0	148	183	22	8	1	4060
53	454	2	1	1	1	0	148	183	23	2	0	7100
272	1178	4	2	2	1	0	61	611	23	3	0	15000
39	502	1	1	1	1	1	68	68	22	2	0	6200
10	1066	3	2	1	2	0	179	649	15	19	1	2530
69	584	2	1	1	1	0	14	614	11	3	0	7000
14	10	4	1	1	2	1	137	495	34	22	1	5730
9	1029	3	1	1	2	2	104	492	0	20	1	2630
14	14	4	1	1	2	2	83	249	22	22	1	3590
39	552	1	1	1	1	1	148	615	0	8	1	4160
198	10	3	1	2	1	2	41	166	34	3	0	28000
98	552	2	1	1	1	0	148	615	16	8	1	5730
88	448	2	1	1	1	0	148	615	22	8	1	5490
77	14	2	1	1	1	0	83	249	0	2	0	6800
75	14	2	1	1	1	0	83	249	32	3	0	6800
110	14	3	1	2	1	0	83	249	9	3	0	8800
46	835	1	1	1	0	0	104	492	34	0	0	4500
57	682	2	1	1	0	2	104	492	23	0	0	6300
56	889	2	1	1	1	1	104	492	16	2	0	5500
14	10	3	1	1	2	2	137	495	29	5	1	5990
9	10	3	1	1	2	0	137	495	3	12	1	3590
139	10	3	1	2	1	1	137	495	23	3	0	15500
293	1180	3	2	2	1	0	179	649	23	3	0	20000
45	502	1	1	1	0	1	68	68	34	0	0	8000
96	1097	2	1	1	1	1	65	343	23	2	0	4600
57	1166	1	1	1	1	1	150	668	22	2	0	3000
58	1189	2	1	1	0	2	105	564	34	0	0	5500
13	517	3	1	1	2	0	150	458	22	21	1	2130
128	516	2	2	2	1	0	18	336	23	3	0	23000
172	516	3	2	2	1	0	18	336	23	3	0	27000
258	516	5	2	3	1	2	18	336	23	3	0	42000
191	507	3	2	2	1	1	18	336	23	3	0	28500
140	683	2	1	2	1	1	18	336	22	3	0	23000
65	137	1	1	1	1	1	150	458	22	3	0	4200
69	137	1	1	1	1	2	150	458	3	8	1	5160
21	493	4	1	1	2	1	150	458	22	21	1	2630
53	467	1	1	1	1	2	150	458	0	3	0	3800
61	517	1	1	1	1	2	150	458	22	2	0	4000
81	884	2	3	2	1	2	121	369	23	2	0	8300
123	910	1	0	1	1	2	56	662	29	3	0	22000
88	910	1	1	1	1	1	56	662	22	3	0	16000
72	938	1	0	1	1	1	56	662	29	3	0	11000
155	910	1	1	1	1	0	56	662	32	3	0	30000
50	1056	1	1	1	1	0	56	662	0	3	0	9000
71	978	1	1	1	1	0	56	662	0	3	0	10000
63	796	1	0	1	1	2	56	662	0	3	0	11800
90	910	3	1	1	1	0	121	369	23	2	0	7500
65	185	1	1	1	1	2	150	458	22	3	0	4200
64	477	1	1	1	1	1	150	458	22	2	0	4000
49	584	1	0	1	1	2	150	458	22	3	0	3600
60	1019	2	1	1	1	2	65	60	23	3	0	4100
40	10	1	1	1	1	1	40	227	22	25	1	5290
8	795	2	1	1	2	0	62	302	22	20	1	1990
96	434	2	1	1	1	2	75	608	0	2	0	12500
53	697	3	1	1	1	0	125	159	23	2	0	6200
8	948	3	1	1	2	1	98	178	0	20	1	2360
10	822	3	1	1	2	2	50	102	0	17	1	2960
87	1130	2	1	1	1	1	18	3	22	24	1	7880
11	10	3	1	1	2	0	108	377	22	19	1	2590
58	10	2	1	1	1	2	108	377	23	2	0	5300
10	384	3	1	1	2	1	62	596	22	20	1	1930
242	1042	5	2	3	1	0	54	710	23	3	0	75000
8	384	3	1	1	2	1	62	596	22	20	1	1990
84	384	2	1	1	1	2	62	596	22	8	1	5630
11	384	3	1	1	2	1	62	596	22	21	1	2690
8	384	3	1	1	2	1	62	596	0	20	1	2490
14	384	3	1	1	2	1	62	596	22	21	1	2390
13	384	3	1	1	2	1	62	596	0	20	1	2090
46	10	1	1	1	1	1	108	377	22	3	0	4200
8	791	3	1	1	2	0	18	3	0	20	1	2830
81	1090	2	1	1	1	1	18	3	0	8	1	9530
62	995	2	1	1	1	1	50	102	22	8	1	7290
10	995	3	1	1	2	0	50	102	22	22	1	3560
11	754	3	1	1	2	2	50	102	22	22	1	3460
50	1007	1	1	1	1	2	50	102	22	3	0	5600
59	975	2	1	1	1	2	50	102	23	3	0	8500
77	660	3	1	1	1	2	50	102	35	3	0	8300
15	805	3	1	1	2	0	98	178	22	22	1	3590
25	805	3	1	1	2	0	98	178	22	19	1	3890
10	1035	3	1	1	2	2	98	178	29	13	1	2890
34	805	3	1	1	2	1	98	178	29	22	1	3690
68	844	2	1	1	1	2	98	178	23	3	0	5600
70	844	2	1	1	1	2	98	178	11	2	0	5500
73	727	2	1	1	1	1	62	302	22	8	1	5360
15	1187	4	1	1	2	1	62	302	22	21	1	2160
8	972	2	1	1	2	2	62	302	22	20	1	1790
9	795	2	1	1	2	0	62	302	22	21	1	2890
9	795	3	1	1	2	1	62	302	22	20	1	2030
8	1037	3	1	1	2	1	62	302	22	20	1	2090
75	1037	2	1	1	1	0	62	302	22	8	1	5290
8	1037	2	1	1	2	1	62	302	22	20	1	1760
8	727	2	1	1	2	1	62	302	22	20	1	2460
9	727	2	1	1	2	1	62	302	22	20	1	2690
8	727	2	1	1	2	2	62	302	3	20	1	2430
9	1187	2	1	1	2	1	62	302	22	21	1	2130
8	1037	2	1	1	2	1	62	302	22	20	1	1860
73	882	2	1	1	1	1	62	302	22	7	1	3890
8	1187	3	1	1	2	0	62	302	0	17	1	2090
51	1037	1	1	1	0	0	62	302	11	0	0	4100
70	1037	2	1	1	1	1	62	302	22	8	1	4890
73	1037	2	1	1	1	0	62	302	22	2	0	4500
55	1037	1	1	1	0	1	62	302	22	0	0	3500
70	1037	2	1	1	0	0	62	302	23	0	0	4000
75	10	2	1	1	1	0	40	227	22	3	0	6800
77	10	2	1	1	1	1	40	227	3	3	0	6800
45	13	1	1	1	1	0	52	47	3	2	0	6500
73	847	1	1	1	1	1	76	446	32	3	0	10000
50	433	1	1	1	1	2	18	293	29	26	1	6990
91	13	2	1	1	1	1	126	357	29	3	0	18000
50	13	1	0	1	1	2	126	357	0	3	0	8500
63	14	1	1	1	1	1	51	519	0	3	0	7200
70	655	2	1	1	1	0	160	423	29	3	0	10500
210	1192	3	1	1	1	1	72	682	16	2	0	35000
48	735	2	1	1	1	2	33	349	23	2	0	6500
132	14	3	2	2	1	1	52	98	38	3	0	15000
119	14	3	1	2	1	0	51	519	22	2	0	14000
87	13	3	0	1	1	1	126	357	16	3	0	17000
185	13	3	2	2	1	2	126	357	11	3	0	36000
108	899	2	1	2	1	0	18	293	23	3	0	75000
115	847	2	1	1	1	1	76	446	3	3	0	17000
115	847	2	1	1	1	2	76	446	4	3	0	17000
144	847	3	2	2	1	1	76	446	29	3	0	23000
146	847	3	1	1	1	1	76	446	16	3	0	20000
104	847	2	1	1	1	2	76	446	34	3	0	17000
157	847	3	1	2	1	2	76	446	23	3	0	23000
115	847	2	1	1	1	1	76	446	3	3	0	16000
106	847	2	1	1	1	1	76	446	23	3	0	18000
144	847	3	1	2	1	1	76	446	29	3	0	23000
91	847	1	1	1	1	1	76	446	3	3	0	12000
76	847	1	1	1	1	0	76	446	29	3	0	10000
146	847	3	1	2	1	2	76	446	29	3	0	18000
115	847	2	1	1	0	0	76	446	15	0	0	18000
130	847	3	1	1	1	0	76	446	3	3	0	20000
114	847	2	1	1	1	2	76	446	3	3	0	20000
176	10	3	2	2	1	1	29	577	15	3	0	35000
140	10	2	1	2	1	1	124	154	16	3	0	28000
100	788	3	2	2	1	1	87	717	23	4	0	3000
75	855	2	1	1	1	2	132	684	23	3	0	8800
62	1138	1	1	1	0	0	124	194	16	0	0	13500
60	1101	2	1	1	1	0	132	684	23	2	0	6900
176	10	3	1	1	1	1	29	577	15	8	1	35000
108	556	1	1	1	1	0	29	577	3	8	1	21000
108	556	1	1	1	1	2	29	577	3	3	0	20000
62	1141	2	1	1	1	2	162	228	11	2	0	5300
75	10	1	0	1	1	2	20	466	0	3	0	15000
119	962	3	1	2	2	0	13	393	23	3	0	5500
75	14	2	1	1	1	0	52	544	7	3	0	6500
116	810	4	2	2	1	2	68	381	23	3	0	17000
56	727	3	0	1	1	1	80	488	23	3	0	7800
127	208	3	1	1	0	1	75	656	22	0	0	12000
127	208	3	2	1	1	1	75	656	22	2	0	11000
131	208	3	1	1	1	1	75	656	29	3	0	12000
71	810	2	1	1	1	2	68	381	22	3	0	10000
113	1149	3	1	2	1	2	13	393	23	3	0	9000
74	10	1	0	1	1	1	20	466	0	3	0	15000
59	1080	2	1	1	1	1	162	228	23	2	0	5200
17	932	4	1	1	2	2	154	670	22	21	1	2530
14	815	4	1	1	2	0	154	670	22	17	1	2890
16	627	3	1	1	2	2	58	298	22	22	1	2760
9	988	3	1	1	2	1	143	360	22	19	1	2530
129	980	3	1	1	1	1	143	360	23	3	0	9800
19	1026	3	1	1	2	1	143	360	22	21	1	3490
10	1026	3	1	1	2	1	143	360	0	20	1	2430
10	1026	3	1	1	2	1	143	360	22	19	1	2760
13	10	3	1	1	2	2	119	654	22	17	1	3160
67	827	2	1	1	2	1	143	360	0	3	0	2600
143	990	1	1	1	2	0	143	360	34	2	0	3600
14	627	3	1	1	2	2	58	298	22	22	1	2260
87	627	1	0	1	1	0	58	298	23	2	0	2500
85	576	2	1	1	1	1	58	298	23	3	0	5000
67	506	2	1	1	1	1	58	298	23	2	0	4300
10	932	3	1	1	2	0	154	670	22	15	1	2230
16	746	4	1	1	2	0	154	670	22	18	1	2430
64	907	1	1	1	1	1	154	670	0	8	1	4860
88	1077	2	1	1	1	0	154	670	22	3	0	6000
67	907	2	1	1	1	1	154	670	23	3	0	4800
86	894	2	1	1	1	1	154	670	22	3	0	6000
134	815	3	1	2	1	1	154	670	23	2	0	7600
137	978	3	1	2	1	2	154	670	23	3	0	7000
55	594	1	1	1	1	2	117	631	0	8	1	5790
207	462	4	1	1	1	1	72	253	16	2	0	24000
176	462	3	2	2	1	1	72	253	29	3	0	23000
10	1086	4	1	1	2	0	151	264	0	19	1	1960
65	590	1	1	1	1	2	163	51	29	3	0	14000
6	407	3	1	1	2	0	151	137	0	20	1	1690
87	13	2	1	1	1	0	126	123	23	3	0	10300
70	13	2	1	1	1	0	126	123	23	3	0	8200
153	13	3	1	2	1	1	126	123	34	3	0	16000
19	407	3	1	1	2	0	151	137	22	22	1	2560
14	669	3	1	1	2	0	151	137	0	19	1	2030
55	666	1	1	1	1	2	151	137	22	25	1	3860
84	407	2	1	1	1	1	151	137	22	2	0	4000
72	592	2	1	1	1	1	151	137	22	3	0	4000
65	590	1	1	1	1	1	163	51	3	3	0	15000
58	590	1	1	1	1	1	163	51	29	3	0	13800
65	590	1	1	1	1	0	163	51	3	3	0	14500
185	616	3	2	2	1	1	163	51	23	3	0	52000
65	590	1	1	1	1	2	163	51	29	3	0	14000
16	1086	4	1	1	2	2	151	264	22	16	1	2430
82	1086	2	1	1	1	2	151	264	22	3	0	4600
109	706	2	1	1	1	0	46	337	22	3	0	13500
161	14	3	2	2	1	1	84	714	23	3	0	14000
84	362	2	1	1	1	0	48	290	22	3	0	11000
9	15	4	1	1	2	1	146	296	29	12	1	1690
7	674	4	1	1	2	0	88	408	29	20	1	2390
50	612	1	1	1	1	1	163	237	3	25	1	7890
57	1047	3	1	1	0	2	160	158	23	0	0	7800
14	560	3	1	1	2	0	32	404	3	10	1	3390
7	15	3	1	1	2	0	146	297	29	20	1	1660
135	15	3	2	2	0	0	146	297	23	0	0	6500
96	15	2	1	1	1	1	146	297	22	3	0	5000
183	253	3	2	2	1	0	32	404	0	2	0	20000
161	896	3	2	2	1	0	54	422	26	3	0	16000
57	560	1	1	1	1	2	32	404	3	3	0	8500
178	105	3	2	2	1	1	32	404	4	2	0	16500
59	1164	2	1	1	1	2	160	158	22	3	0	11000
59	1164	2	1	1	1	1	160	158	23	3	0	8000
36	950	1	1	1	1	0	160	158	22	2	0	5000
70	317	2	1	1	1	1	163	237	23	3	0	13000
50	612	1	1	1	1	1	163	237	3	2	0	8000
59	381	1	1	1	1	1	163	237	3	3	0	8200
66	317	3	1	1	1	0	163	237	23	3	0	20000
52	612	1	1	1	1	1	163	237	29	2	0	8000
52	612	1	1	1	1	2	163	237	29	3	0	8200
58	451	1	1	1	0	2	163	237	29	0	0	7500
73	451	2	1	1	1	1	163	237	23	3	0	13000
73	10	2	1	1	1	1	88	408	23	3	0	5300
112	15	3	2	1	1	1	146	296	34	3	0	6500
82	15	2	1	1	1	2	146	296	22	3	0	5000
89	174	2	1	1	1	1	48	290	16	3	0	11500
89	325	2	1	1	1	2	48	290	32	3	0	11000
134	362	5	3	3	1	0	48	290	23	3	0	33000
114	362	4	2	3	1	0	48	290	23	3	0	30000
87	174	2	2	2	1	0	48	290	21	3	0	18600
97	14	2	1	1	1	2	84	714	36	2	0	9500
83	14	2	1	1	1	2	84	714	0	2	0	9600
124	14	3	2	2	1	0	84	714	30	2	0	12000
72	10	2	2	2	1	0	46	394	22	3	0	19000
70	10	2	1	2	1	1	46	394	22	3	0	15500
102	1107	2	1	1	1	1	46	394	29	3	0	12500
110	1107	2	1	1	1	1	46	394	3	3	0	9800
104	1107	2	1	1	1	2	46	394	3	3	0	9500
65	10	2	2	2	1	2	46	394	22	3	0	16000
57	378	2	1	1	1	0	153	7	3	3	0	6500
78	378	3	1	2	1	0	153	7	34	3	0	8500
101	1195	2	0	1	1	0	14	247	0	3	0	15000
43	844	1	1	1	0	2	167	559	3	0	0	6000
179	10	4	2	2	1	1	32	463	34	3	0	16500
204	14	3	2	1	1	2	52	114	22	8	1	30000
49	792	1	1	1	1	1	66	14	22	3	0	6200
69	646	1	1	1	1	0	74	620	32	3	0	11500
175	722	3	1	2	1	0	74	620	15	3	0	19500
226	10	4	2	2	1	0	49	494	23	3	0	24800
196	10	3	2	2	1	1	49	494	23	3	0	22000
196	10	3	1	2	1	2	49	494	25	2	0	19000
196	10	3	2	2	1	1	49	494	23	3	0	19500
61	10	1	1	1	1	0	49	494	29	3	0	8000
98	1168	2	1	1	1	0	44	13	15	3	0	9500
70	895	3	1	1	1	0	66	14	23	2	0	8000
170	14	3	2	2	1	2	52	114	23	3	0	25000
190	14	3	2	2	1	0	52	114	23	3	0	32000
174	14	3	2	2	1	0	52	114	22	3	0	25000
114	14	2	2	1	1	0	52	114	22	3	0	16000
47	15	1	1	1	1	0	134	85	0	3	0	6000
35	1195	3	0	1	1	0	14	247	0	3	0	9500
34	1195	2	0	1	1	0	14	247	0	3	0	9500
57	718	2	1	2	1	1	153	7	11	3	0	6500
187	51	1	0	0	1	1	160	557	22	2	0	13200
71	706	1	1	1	1	2	177	432	3	3	0	9000
9	283	2	1	1	2	2	62	702	0	19	1	2190
10	415	3	1	1	2	1	62	702	0	19	1	2090
79	605	2	1	1	1	2	62	702	22	8	1	5630
64	340	1	1	1	0	2	8	216	3	0	0	7600
55	14	2	1	1	1	2	99	109	23	3	0	5300
106	445	2	1	1	1	2	46	203	6	3	0	9500
229	712	4	2	3	0	1	42	155	26	0	0	35000
165	712	3	1	2	1	1	42	155	23	3	0	26000
62	832	3	1	1	0	1	99	109	17	0	0	5000
111	340	2	1	2	1	1	8	216	3	3	0	14000
75	724	2	2	1	1	2	62	702	22	8	1	5130
10	724	3	1	1	2	1	62	702	0	17	1	1990
10	724	3	1	1	2	1	62	702	0	18	1	2530
77	283	2	1	1	0	1	62	702	23	0	0	4300
144	882	3	2	2	1	1	127	28	8	3	0	15000
171	15	3	1	1	1	1	54	500	22	2	0	16000
54	10	2	1	1	0	2	96	448	23	0	0	5200
7	10	3	1	1	2	2	40	485	29	12	1	2560
190	10	3	2	2	1	1	37	265	9	2	0	18000
56	774	4	0	2	1	2	12	368	3	3	0	8300
180	414	3	2	2	1	2	9	499	15	3	0	21000
85	647	2	1	1	1	1	9	499	3	2	0	7500
235	13	4	1	3	1	1	53	641	22	2	0	24000
109	10	1	0	1	1	0	20	542	3	3	0	16000
156	10	2	1	2	1	0	20	542	32	3	0	25000
157	10	2	1	2	1	2	20	542	23	3	0	22000
157	10	2	1	2	1	1	20	542	0	3	0	22000
115	10	1	1	1	1	1	20	542	29	2	0	17000
109	10	1	1	1	1	1	20	542	29	2	0	16000
63	477	2	1	1	1	1	20	223	22	3	0	9000
56	938	2	1	1	1	1	20	223	23	2	0	6800
88	647	1	1	1	1	2	9	499	15	8	1	8360
167	414	2	1	2	1	2	9	499	3	3	0	20000
55	774	2	0	1	1	2	12	368	22	3	0	6000
89	774	8	0	2	1	1	12	368	22	3	0	16500
56	774	3	0	2	1	0	12	368	3	3	0	8500
38	822	1	0	1	1	2	12	368	0	3	0	4800
57	822	3	0	1	1	0	12	368	29	2	0	5500
220	10	4	2	2	1	0	37	265	22	2	0	20000
76	10	3	1	1	1	1	40	485	16	2	0	6600
79	10	3	1	1	1	2	40	485	15	3	0	7000
46	10	1	1	1	1	0	40	485	3	2	0	4500
30	10	1	1	1	1	1	96	448	22	24	1	4530
69	10	2	1	1	1	1	96	448	25	2	0	5500
50	10	1	1	1	1	2	96	448	22	0	0	4200
45	10	1	1	1	0	0	96	448	22	0	0	4000
212	1152	5	0	1	1	0	131	456	29	3	0	47800
60	1152	2	0	1	1	0	131	456	0	3	0	13500
247	891	2	0	0	1	0	131	456	22	2	0	18000
63	691	1	0	1	1	1	14	699	22	3	0	6500
62	640	1	0	1	1	1	14	699	22	3	0	6500
54	1035	2	1	1	0	1	60	605	23	0	0	3500
62	691	1	0	1	1	1	14	699	22	3	0	6500
50	524	1	1	1	1	1	14	699	0	3	0	7000
89	460	2	1	1	1	0	14	699	23	2	0	9500
145	471	3	1	1	1	0	14	699	22	2	0	14500
207	745	4	2	2	1	2	14	699	22	3	0	17000
412	1152	7	0	2	1	0	131	456	16	3	0	92650
14	1076	3	1	1	2	0	152	65	22	21	1	2390
62	248	1	0	1	1	2	45	184	3	3	0	9000
142	10	2	1	2	1	1	122	409	22	2	0	13500
9	566	3	1	1	2	0	179	205	0	19	1	2030
111	203	2	1	2	0	2	72	113	29	3	0	16000
164	274	3	1	2	1	1	72	113	16	3	0	23000
8	1038	3	1	1	2	2	179	205	0	20	1	2190
13	10	3	1	1	2	2	107	530	22	19	1	3260
17	10	4	1	1	2	0	107	530	22	22	1	3790
108	524	2	2	1	1	1	89	131	3	3	0	7600
64	10	1	1	1	1	1	107	530	22	3	0	6000
48	10	2	1	1	1	0	107	530	29	3	0	4900
92	10	2	1	1	1	2	107	530	11	3	0	7300
131	10	3	1	2	1	2	107	530	23	3	0	9000
12	1038	3	1	1	2	2	179	205	22	21	1	2590
242	661	4	2	2	1	2	45	184	26	3	0	32000
219	661	4	2	2	1	0	45	184	23	3	0	33000
312	661	4	2	3	1	0	45	184	11	3	0	55000
128	781	2	1	2	1	0	16	497	11	3	0	17500
209	781	3	1	2	1	0	16	497	26	2	0	30000
90	778	3	1	1	1	0	167	209	23	3	0	20000
45	703	2	0	1	0	0	85	470	0	0	0	2600
44	751	3	0	2	1	0	13	48	29	3	0	6600
59	530	3	0	2	1	2	13	48	23	3	0	7300
98	1180	2	1	1	1	1	166	597	16	3	0	9300
69	1035	2	1	1	1	1	166	597	5	3	0	7900
85	711	2	1	1	1	1	85	470	22	3	0	3200
241	15	4	2	3	1	1	54	426	23	3	0	30000
89	763	2	0	1	1	1	20	465	34	3	0	18000
11	588	3	1	1	2	0	60	606	0	20	1	1890
73	1084	1	1	1	1	1	16	419	3	3	0	10000
57	882	1	1	1	1	1	180	280	29	3	0	12000
72	297	1	1	1	1	2	7	330	3	3	0	12000
54	261	1	1	1	1	1	7	330	0	8	1	13000
191	10	3	3	3	0	0	29	686	16	0	0	31000
389	10	1	0	0	1	2	29	686	3	3	0	58000
191	10	3	1	2	1	0	29	686	22	3	0	21000
145	1125	2	1	2	0	1	29	686	32	0	0	16000
167	1125	3	1	2	1	1	29	686	34	3	0	19000
190	1125	3	1	2	1	0	29	686	15	3	0	21000
191	10	3	1	2	1	1	29	686	16	3	0	20000
114	252	2	1	2	1	0	7	330	16	3	0	16000
292	14	4	2	3	1	1	36	622	8	3	0	55000
219	882	4	1	2	1	0	180	280	29	2	0	62000
191	882	3	2	2	1	2	180	280	3	2	0	25000
64	882	1	0	1	0	0	180	280	22	0	0	9500
140	882	1	1	1	1	1	180	280	29	2	0	21000
67	882	1	0	1	1	0	180	280	22	3	0	9500
9	588	3	1	1	2	0	60	606	22	20	1	2190
51	715	2	1	1	1	0	60	606	22	2	0	1800
63	641	2	1	1	0	2	60	606	23	0	0	3500
93	23	1	0	0	1	2	75	191	3	3	0	14000
93	23	1	0	0	1	2	75	191	3	3	0	14000
91	23	1	0	0	1	1	75	191	29	3	0	13689
86	23	1	0	0	1	1	75	191	3	3	0	13115
93	23	1	0	1	1	1	75	191	3	3	0	14270
76	23	1	0	0	1	1	75	191	29	3	0	11945
79	23	1	0	0	1	1	75	191	29	3	0	11892
93	106	1	1	0	1	2	75	191	29	3	0	13000
61	419	1	1	1	1	0	75	191	30	3	0	7700
76	23	1	0	0	0	1	75	191	29	0	0	11000
79	23	1	0	0	0	1	75	191	29	0	0	13000
76	23	1	0	0	0	1	75	191	29	0	0	11000
222	416	4	2	3	1	0	75	191	23	3	0	30000
85	106	1	0	0	0	1	75	191	16	0	0	12000
91	23	2	1	0	1	0	75	191	3	3	0	14000
72	772	2	1	1	0	0	60	606	23	0	0	3800
81	1151	2	1	1	0	1	60	606	23	0	0	4000
44	596	1	1	1	1	0	60	606	22	2	0	3000
250	10	3	1	2	1	2	124	535	23	3	0	38000
132	452	3	1	2	1	1	163	440	3	3	0	24000
51	66	2	0	1	1	1	13	49	22	3	0	4600
109	504	2	1	2	1	1	70	243	3	3	0	11500
48	1072	1	1	1	1	2	21	136	22	2	0	3700
12	340	4	1	1	2	2	101	548	15	17	1	2590
54	550	1	1	1	1	0	101	548	0	2	0	4900
14	1003	5	1	1	2	2	61	350	22	19	1	2430
65	1123	3	1	1	1	1	34	260	37	3	0	12000
57	780	1	1	1	1	0	98	380	34	2	0	5000
44	785	1	1	1	1	1	1	187	29	2	0	2600
43	785	1	1	1	1	1	1	187	29	2	0	2800
16	1003	5	1	1	2	2	61	350	22	22	1	3290
14	1003	5	1	1	2	2	61	350	22	20	1	2490
6	1003	5	1	1	2	2	61	350	0	20	1	2090
53	973	1	1	1	1	0	61	350	0	8	1	4960
15	1198	5	1	1	2	2	61	350	22	21	1	2530
13	1198	5	1	1	2	2	61	350	22	19	1	2490
16	1198	5	1	1	2	2	61	350	22	22	1	2590
66	550	1	1	1	1	2	101	548	16	3	0	5600
79	195	3	0	2	1	0	13	49	22	2	0	12000
55	195	3	0	1	1	0	13	49	22	3	0	7000
66	319	3	0	2	1	0	13	49	22	2	0	10500
55	633	3	0	2	1	1	13	49	22	3	0	7200
66	195	3	0	2	1	1	13	49	22	3	0	9500
50	66	1	0	1	1	1	13	49	23	3	0	4500
55	319	3	0	2	1	2	13	49	22	3	0	6500
46	66	2	0	1	0	0	13	49	0	3	0	4600
46	93	1	0	1	1	2	13	49	0	3	0	4300
248	10	4	2	3	1	1	124	535	23	3	0	35000
70	10	2	1	1	1	1	96	449	23	2	0	5500
54	976	1	0	1	1	2	10	96	22	3	0	6000
11	1104	3	1	1	2	2	87	680	22	21	1	1930
158	926	3	1	2	1	0	34	256	35	2	0	15500
152	992	2	1	2	1	2	34	256	16	3	0	15800
158	926	3	1	2	1	0	34	256	15	2	0	15500
305	1168	5	2	3	1	2	34	256	16	3	0	32000
114	428	2	1	2	1	1	113	66	16	3	0	12000
76	319	1	1	1	1	1	113	66	34	2	0	7500
158	926	3	1	2	1	1	34	256	15	3	0	15500
45	1051	1	1	1	1	1	143	646	22	2	0	4500
50	1014	1	1	1	1	1	143	646	3	3	0	5000
8	497	3	1	1	2	1	148	95	0	20	1	1930
14	494	3	1	1	2	0	148	95	22	22	1	2860
96	497	2	2	1	1	1	148	95	23	3	0	4600
300	15	5	2	2	1	1	54	500	16	2	0	28000
7	10	3	1	1	2	2	122	709	3	20	1	3360
12	10	3	1	1	2	1	35	556	3	15	1	3230
8	15	3	1	1	2	2	146	125	0	20	1	1530
19	15	3	1	1	2	0	146	125	22	21	1	2290
170	14	3	2	2	1	2	52	116	23	3	0	23000
67	14	1	1	1	1	1	84	713	3	2	0	6000
11	14	3	1	1	2	1	84	713	16	19	1	2890
53	14	1	0	1	1	1	84	713	22	3	0	5000
10	14	3	1	1	2	0	84	713	3	20	1	2860
89	14	2	1	1	1	0	84	713	16	2	0	6500
37	14	1	0	1	1	0	84	713	0	2	0	4200
85	14	2	1	1	1	2	84	713	34	2	0	6500
89	15	3	1	1	1	2	146	125	23	2	0	5000
80	15	2	1	1	1	0	146	125	23	2	0	4500
82	1189	2	1	1	1	0	97	345	16	2	0	6200
87	15	2	1	1	1	1	146	125	23	2	0	4300
80	929	2	2	1	1	1	63	238	23	3	0	5000
82	10	2	1	1	1	2	122	709	16	3	0	9200
132	15	3	1	2	1	0	54	500	26	3	0	13500
132	15	3	1	2	1	1	54	500	16	3	0	14000
131	882	3	1	2	1	1	127	28	32	3	0	12000
39	933	3	0	1	1	0	179	64	0	2	0	3800
59	940	1	1	1	1	1	179	64	16	3	0	4300
127	946	2	2	2	0	0	75	315	16	0	0	13000
104	10	1	1	1	1	1	35	338	22	3	0	11000
156	10	3	2	2	1	0	46	467	22	3	0	20000
10	14	4	1	1	2	1	92	138	3	20	1	3090
17	14	5	1	1	2	1	92	138	16	13	1	3230
65	14	2	1	1	1	2	92	144	22	3	0	6900
13	14	4	1	1	2	1	92	138	0	19	1	3290
73	14	2	1	1	1	0	92	138	34	2	0	6500
156	10	3	1	2	1	2	46	467	22	3	0	19000
171	874	2	1	2	1	2	74	322	29	3	0	17800
239	881	3	1	2	1	2	74	322	29	2	0	30000
41	389	1	0	1	1	1	179	421	22	3	0	4200
55	389	1	0	1	1	1	179	421	0	2	0	4500
88	905	2	1	1	1	0	31	288	23	2	0	6200
41	1105	1	1	1	1	2	65	61	3	2	0	3600
116	634	2	2	1	1	1	13	539	23	3	0	9000
103	13	3	1	2	0	1	118	436	23	0	0	9900
41	1105	1	1	1	1	1	65	61	3	2	0	3300
7	10	4	1	1	2	0	89	151	0	20	1	2390
14	10	4	1	1	2	0	89	151	22	22	1	3360
51	10	2	1	1	1	1	35	310	11	3	0	6500
116	10	3	1	1	1	0	89	151	34	3	0	9500
86	10	2	1	1	1	2	89	151	23	3	0	6600
34	389	1	0	1	1	1	179	421	29	3	0	4000
195	881	2	1	2	1	2	74	322	16	3	0	35000
208	1031	3	2	3	1	1	74	322	23	3	0	26000
192	1022	2	1	2	1	1	74	322	23	3	0	20000
9	479	3	1	1	2	2	169	695	0	22	1	3230
87	530	2	1	1	1	1	169	695	29	3	0	12000
152	798	2	1	2	1	2	16	329	34	2	0	20000
187	1079	3	2	2	1	0	95	691	23	3	0	25000
409	711	5	2	4	1	3	95	691	23	3	0	90000
435	485	4	2	3	1	0	95	691	23	3	0	80000
175	990	3	2	3	1	2	95	691	22	3	0	25000
178	703	3	2	3	1	2	95	691	23	3	0	25000
180	990	3	2	3	1	2	95	691	23	3	0	24200
212	990	4	2	3	1	0	95	691	23	3	0	25000
179	983	4	2	2	1	2	95	691	23	3	0	25000
212	1079	4	2	3	1	1	95	691	23	3	0	25000
225	10	3	2	2	1	2	115	190	22	3	0	22000
286	10	4	1	2	1	2	115	190	23	3	0	29000
7	298	3	1	1	2	1	111	157	29	20	1	2560
119	10	3	1	1	1	0	138	632	15	3	0	14000
161	404	3	2	2	1	0	10	295	23	3	0	17500
152	634	2	2	1	1	1	79	239	34	2	0	17000
85	369	2	1	1	1	2	100	226	34	2	0	7000
80	476	1	1	1	1	1	10	295	29	3	0	8500
169	510	3	2	2	1	1	111	639	23	2	0	16500
15	1111	3	1	1	2	2	151	425	22	22	1	2190
8	1111	3	1	1	2	0	151	425	22	20	1	1960
89	1111	2	1	1	1	1	151	425	22	2	0	4800
88	839	1	2	1	1	1	163	562	3	3	0	16000
88	935	1	1	1	1	1	163	562	3	3	0	14000
89	935	1	1	1	1	1	163	562	3	3	0	14500
190	899	4	2	3	1	1	163	562	23	3	0	60000
127	646	2	2	2	1	1	163	562	4	3	0	23000
10	218	2	1	1	2	1	111	157	22	10	1	3460
46	394	2	0	1	0	2	163	610	22	0	0	7000
42	340	1	1	1	1	0	163	610	29	3	0	6500
104	176	2	1	1	1	1	70	163	13	3	0	11500
68	989	2	1	1	1	1	68	75	23	2	0	9200
68	989	2	1	1	0	1	68	75	23	0	0	8800
181	14	3	2	2	1	0	36	340	11	3	0	21000
44	914	1	0	1	1	1	99	666	0	3	0	4500
37	914	1	0	1	0	1	99	666	0	0	0	4500
63	914	1	0	1	1	2	99	666	29	3	0	5200
44	914	1	0	1	0	0	99	666	0	0	0	4200
49	914	1	0	1	1	1	99	666	22	3	0	4500
9	176	3	1	1	2	0	86	504	0	20	1	1290
11	176	3	1	1	2	0	86	504	0	19	1	1330
9	253	3	1	1	2	1	86	504	22	22	1	1360
10	189	3	1	1	2	1	86	504	22	19	1	1390
10	253	3	1	1	2	2	86	504	29	20	1	1260
15	267	3	1	1	2	1	86	504	22	21	1	1430
8	267	3	1	1	2	1	86	504	0	20	1	1290
61	180	1	1	1	0	0	86	504	4	0	0	2400
88	180	3	1	1	1	0	86	504	34	3	0	3200
72	15	2	1	1	1	2	146	575	29	8	1	4560
56	362	1	1	1	1	1	70	163	22	2	0	6500
65	958	1	1	1	0	2	75	304	0	0	0	6500
60	1102	1	1	1	0	1	75	304	22	0	0	5500
9	631	3	1	1	2	0	164	355	22	20	1	3490
11	698	3	1	1	2	0	164	355	3	19	1	3590
229	13	1	1	1	1	2	27	8	22	8	1	7790
94	13	1	1	2	1	1	27	8	15	3	0	11500
50	624	2	0	1	1	1	69	407	4	3	0	7000
59	1078	1	1	1	1	0	60	365	4	3	0	4200
12	1124	2	1	1	2	2	143	359	29	20	1	2990
8	529	3	1	1	2	0	117	643	0	15	1	2860
129	779	2	1	1	1	1	117	643	3	24	1	8520
62	1009	2	1	1	1	0	117	643	3	8	1	7090
56	806	2	1	1	1	1	117	643	23	2	0	5500
104	529	2	1	1	1	2	117	643	7	3	0	7500
36	1093	1	1	1	1	0	143	359	22	8	1	5290
55	463	2	0	1	1	1	69	407	16	3	0	7300
58	409	2	1	1	1	0	69	407	22	2	0	7000
13	698	3	1	1	2	0	164	355	3	22	1	3690
60	893	2	1	1	1	2	164	355	23	3	0	6600
83	1054	1	1	1	1	0	75	478	0	8	1	7590
123	937	3	2	1	1	2	178	334	23	2	0	12000
135	848	2	1	2	1	0	33	112	3	3	0	15000
84	691	1	1	1	1	0	33	112	3	3	0	12000
75	10	1	1	1	1	1	122	665	3	3	0	12000
71	501	2	0	1	0	2	109	110	32	0	0	8300
60	501	1	0	1	0	1	109	110	3	0	0	6500
48	1094	1	1	1	1	1	179	118	29	8	1	4390
11	1034	2	1	1	2	1	179	118	3	20	1	3230
31	1094	1	1	1	1	2	179	118	3	8	1	3960
77	510	2	0	2	1	1	14	411	22	3	0	15000
121	1044	5	0	3	0	0	179	347	7	0	0	18000
73	1015	2	1	1	1	2	150	675	22	8	1	5490
20	1037	4	1	1	2	1	150	675	22	21	1	2390
18	1037	4	1	1	2	1	150	675	22	22	1	2630
17	1037	4	1	1	2	1	150	675	22	22	1	2690
17	1037	4	1	1	2	1	150	675	22	21	1	2460
57	1036	3	0	2	1	0	179	347	34	3	0	8000
72	1083	4	0	3	1	2	179	347	15	3	0	9500
59	15	2	0	1	1	0	145	126	22	3	0	4300
38	15	1	0	1	1	0	145	126	3	2	0	3500
58	15	2	0	1	0	0	145	126	3	0	0	4200
58	15	2	0	1	0	0	145	126	22	0	0	4200
38	15	1	0	1	1	2	145	126	29	3	0	3200
76	15	3	0	1	1	0	145	126	7	2	0	5000
75	10	1	1	1	1	1	122	665	3	3	0	12500
81	10	1	1	1	1	0	122	665	29	3	0	12500
59	10	1	1	1	0	0	122	665	29	0	0	10800
75	10	1	1	1	1	2	122	665	3	3	0	11500
11	1073	3	1	1	2	1	122	433	0	10	1	3460
60	1036	2	1	1	2	0	122	433	23	3	0	3800
14	1045	4	1	1	2	1	10	292	16	21	1	4530
160	1045	3	2	2	1	2	10	292	23	3	0	17000
143	792	3	2	2	1	1	10	292	23	3	0	16000
43	249	1	1	1	1	0	100	353	29	2	0	4600
59	822	1	1	1	1	0	31	462	22	8	1	5790
76	16	2	1	1	1	1	128	578	23	3	0	6500
17	868	3	1	1	2	0	31	462	29	17	1	3430
10	736	4	1	1	2	0	31	462	22	17	1	2390
104	868	2	2	2	1	2	31	462	22	3	0	8800
133	1017	3	1	2	1	0	31	462	23	2	0	10000
7	511	3	1	1	2	2	100	353	0	20	1	2830
14	511	3	1	1	2	2	100	353	22	22	1	3290
8	511	3	1	1	2	2	100	353	0	19	1	2990
39	777	1	1	1	1	1	100	353	22	2	0	4200
54	249	2	1	1	1	0	100	353	3	3	0	5500
14	15	3	1	1	2	0	146	406	22	21	1	2490
11	15	3	1	1	2	0	146	406	0	20	1	1930
11	15	3	1	1	2	0	146	406	22	19	1	2160
7	15	3	1	1	2	0	146	406	0	20	1	1660
11	15	3	1	1	2	0	146	406	22	22	1	1930
17	15	3	1	1	2	2	146	406	22	15	1	2460
84	15	2	1	1	1	1	146	406	23	2	0	4500
88	15	2	1	1	1	2	146	406	23	2	0	4200
89	161	1	1	1	2	2	103	232	0	2	0	2800
9	15	3	1	1	2	1	146	476	22	19	1	1730
7	15	3	1	1	2	0	146	476	0	20	1	1560
89	24	2	1	1	1	0	103	232	11	2	0	7200
12	14	4	1	1	2	1	52	275	16	20	1	4230
88	401	2	1	1	1	0	103	232	22	3	0	7500
8	1019	3	1	1	2	2	131	568	3	20	1	4060
64	411	2	1	1	1	2	7	195	23	2	0	6500
63	370	2	1	1	1	0	7	195	23	3	0	6500
10	1142	4	1	1	2	1	85	623	3	19	1	1360
144	10	3	2	2	1	2	91	664	23	3	0	10000
13	521	3	1	1	2	2	65	417	22	22	1	2290
8	521	3	1	1	2	2	65	417	22	19	1	1990
8	521	3	1	1	2	2	65	417	0	20	1	1830
68	985	2	0	2	1	0	25	521	22	3	0	20000
277	189	3	2	2	1	1	161	84	11	3	0	35000
15	15	4	2	1	2	2	52	545	32	9	1	4190
62	139	1	0	1	1	1	122	594	22	3	0	10000
137	15	3	1	2	1	2	52	545	16	3	0	13000
207	70	3	1	2	0	2	161	84	23	0	0	22500
66	985	2	0	2	1	1	25	521	22	3	0	21000
55	985	2	0	2	1	0	25	521	3	3	0	19000
59	447	2	1	1	1	2	65	417	22	8	1	4530
55	174	2	1	1	1	2	65	417	22	8	1	5360
57	485	2	1	1	1	2	65	417	3	8	1	4560
44	386	1	1	1	1	1	65	417	22	8	1	4390
39	636	1	1	1	1	1	65	417	22	8	1	4190
60	485	2	1	1	1	2	65	417	3	8	1	4360
53	521	2	1	1	1	0	65	417	22	8	1	5130
53	174	1	1	1	1	2	65	417	22	8	1	4290
73	64	2	1	1	1	1	65	417	11	2	0	4000
56	10	1	1	1	1	1	91	664	3	2	0	4800
62	10	1	1	1	1	2	91	664	3	2	0	5000
138	10	3	2	2	1	2	91	664	23	2	0	10000
98	1010	3	1	1	0	2	85	623	16	0	0	4500
85	1010	2	2	1	0	2	85	623	23	0	0	3500
89	786	3	2	1	0	0	61	171	23	0	0	8000
19	1165	4	1	1	2	2	147	1	22	18	1	2860
44	460	1	0	1	0	1	98	127	29	0	0	4600
91	421	2	0	0	0	0	57	362	32	0	0	11000
62	186	1	0	1	1	2	2	469	29	3	0	6500
11	836	3	1	1	2	1	42	439	22	19	1	2990
67	372	1	1	1	1	1	158	320	22	3	0	10000
207	489	3	2	3	1	2	95	629	34	3	0	18000
61	881	1	1	1	0	2	47	700	22	0	0	5300
138	534	3	1	2	1	1	47	700	17	3	0	9200
163	948	3	1	2	1	0	47	700	22	3	0	10000
108	690	2	1	1	1	0	47	700	36	3	0	7500
222	861	4	2	3	1	2	13	541	23	3	0	20000
254	489	3	2	2	1	2	95	629	10	3	0	25000
63	543	2	1	1	1	2	95	629	11	2	0	5500
56	111	1	0	1	1	0	2	469	29	3	0	5800
67	111	1	0	1	1	2	2	469	29	2	0	6300
44	118	1	0	1	1	0	57	362	3	3	0	4000
78	411	3	0	1	1	2	98	127	22	2	0	7500
49	411	2	0	1	1	0	98	127	34	3	0	5800
118	437	2	2	2	1	0	163	676	0	3	0	36000
129	437	2	1	2	1	0	163	676	22	2	0	31000
76	437	1	1	1	1	1	163	676	0	2	0	18000
34	79	1	0	1	0	1	98	127	22	0	0	4500
44	460	1	0	1	0	1	98	127	29	0	0	4600
8	1186	3	1	1	2	1	155	472	3	19	1	1990
88	274	2	1	1	1	1	2	515	11	3	0	7000
111	417	2	1	2	1	2	2	515	23	3	0	6200
69	10	1	1	1	0	1	35	162	34	0	0	9000
15	1148	3	1	1	2	2	141	186	22	15	1	3330
13	663	1	1	1	1	0	159	550	22	3	0	5000
81	944	2	1	1	1	1	141	186	16	2	0	5000
122	585	2	2	2	1	1	163	590	11	3	0	18000
78	949	2	1	1	1	0	133	86	23	2	0	11000
43	562	1	1	1	1	2	33	104	29	8	1	8290
98	562	1	1	1	1	1	33	104	32	8	1	12130
168	355	3	1	2	0	2	77	225	34	0	0	23000
160	355	3	1	2	1	0	77	225	3	2	0	21000
107	355	2	1	2	1	1	77	225	29	2	0	14000
98	645	1	1	1	1	0	33	104	34	3	0	12000
99	562	1	0	1	1	1	33	104	22	3	0	12000
73	962	2	1	1	2	0	133	86	23	3	0	6200
10	1186	3	1	1	2	1	155	472	3	22	1	2260
9	1178	4	1	1	2	2	155	472	22	22	1	2230
46	1055	1	1	1	1	1	155	472	22	2	0	3900
47	14	1	0	1	1	1	52	115	22	3	0	8500
175	14	3	2	2	1	0	52	115	23	3	0	28000
57	15	2	1	1	1	0	146	636	23	2	0	4000
133	15	3	1	2	1	1	146	636	23	2	0	5000
56	15	2	1	1	1	1	146	636	23	2	0	3500
53	555	1	1	1	1	2	78	285	0	3	0	7600
141	14	3	2	2	1	1	52	74	22	3	0	15200
80	696	2	1	1	1	2	72	373	11	3	0	8800
57	140	1	1	1	1	1	50	185	3	8	1	8190
154	499	3	1	2	1	2	50	185	23	3	0	16500
77	696	2	1	1	1	2	72	373	3	3	0	9500
98	13	2	1	1	1	1	53	198	22	3	0	12000
78	10	2	1	1	0	0	39	388	34	0	0	9500
49	13	1	0	1	1	2	53	198	22	3	0	8000
114	14	2	1	2	1	2	52	74	11	3	0	12000
11	1022	4	1	1	2	1	16	311	0	19	1	3960
103	1097	2	1	1	1	2	98	317	23	3	0	6500
21	600	4	1	1	2	0	32	444	29	15	1	3360
12	600	3	1	1	2	0	32	444	22	17	1	3730
75	476	2	1	1	0	1	32	444	16	0	0	9500
139	250	3	1	2	1	0	18	703	22	3	0	28000
77	672	2	1	1	1	2	166	595	22	3	0	7000
68	694	1	1	1	1	2	90	235	11	2	0	5000
138	250	3	1	1	1	1	18	703	22	8	1	25000
10	870	4	1	1	2	1	2	358	0	19	1	2460
153	15	3	2	2	1	2	52	424	23	3	0	20000
74	321	3	1	1	1	1	8	15	22	2	0	8700
10	14	3	1	1	2	2	52	55	22	19	1	3790
10	14	3	1	1	2	2	52	55	29	14	1	3390
116	655	3	1	2	1	1	46	5	23	3	0	13000
96	14	2	1	1	1	2	52	55	23	3	0	9800
41	10	1	1	1	1	2	40	258	22	2	0	4300
9	10	3	1	1	2	2	40	258	22	12	1	2830
76	10	1	1	1	1	1	122	11	29	3	0	8800
137	686	3	1	2	1	1	9	527	17	3	0	14500
86	754	2	1	1	1	0	32	20	29	3	0	8000
144	707	2	1	2	1	1	32	20	16	3	0	16500
49	1166	1	1	1	1	2	106	384	29	8	1	4890
100	10	3	1	1	1	2	40	258	23	3	0	8500
225	14	4	2	3	1	1	52	55	23	3	0	25000
57	313	2	1	1	1	0	8	15	23	2	0	6800
51	105	1	1	1	1	1	29	241	8	2	0	6800
128	10	2	1	2	1	1	116	303	16	3	0	16000
7	16	3	1	1	2	1	128	132	0	20	1	2330
84	16	2	1	1	1	0	128	132	23	3	0	6500
415	14	5	2	3	1	2	36	621	23	3	0	80000
9	13	6	1	1	2	2	12	687	16	21	1	2560
53	998	2	1	1	0	1	127	294	23	0	0	5500
47	205	1	1	1	1	2	160	553	22	3	0	7500
61	10	3	1	1	1	2	56	435	23	3	0	8000
37	875	2	1	1	1	2	56	435	22	3	0	6500
61	802	2	1	1	1	2	56	435	23	3	0	7000
8	1050	4	1	1	2	2	47	663	0	9	1	1960
13	1050	4	1	1	2	0	47	663	3	22	1	3260
118	13	3	2	2	1	2	12	687	23	3	0	13500
37	551	1	1	1	1	2	126	327	22	3	0	6200
74	712	3	1	1	1	2	126	327	23	3	0	15000
97	13	2	1	1	1	2	12	687	22	3	0	8500
95	13	3	1	1	1	1	12	687	23	3	0	9200
157	14	3	2	2	1	1	36	621	16	3	0	21000
156	14	3	1	2	1	2	36	621	26	3	0	20000
129	14	1	2	1	1	1	36	621	22	3	0	18000
60	16	1	1	1	1	0	128	132	23	3	0	5800
99	10	2	2	1	1	0	116	303	29	3	0	14500
116	10	1	1	1	1	2	116	303	16	3	0	9000
53	198	2	1	1	1	2	44	447	22	8	1	6860
125	927	2	1	2	1	0	92	140	29	3	0	12000
62	227	2	1	1	1	1	44	447	23	3	0	7500
97	10	2	1	1	1	1	30	367	23	2	0	8300
118	10	3	2	2	1	0	30	367	32	3	0	15000
87	15	2	0	1	1	1	126	231	7	3	0	12000
74	635	3	1	1	1	1	159	63	23	3	0	10000
11	1048	3	1	1	2	1	5	513	29	19	1	2260
13	10	3	1	1	2	0	122	103	22	22	1	4330
139	80	3	1	2	1	1	51	693	16	2	0	15000
74	635	3	1	1	1	2	159	63	23	3	0	9500
116	15	3	0	2	0	0	126	231	29	0	0	16000
53	547	2	1	1	1	2	44	447	23	3	0	6700
49	971	1	0	1	0	0	26	31	0	0	0	4500
55	819	2	1	1	1	1	48	24	22	8	1	6760
142	13	3	2	2	1	2	52	271	23	3	0	15000
38	285	1	0	1	1	1	71	299	29	2	0	5800
17	15	3	1	1	2	2	146	234	22	21	1	2460
101	15	2	1	1	1	2	146	234	23	2	0	4800
243	680	3	2	3	1	1	117	704	23	3	0	28000
143	13	3	1	1	1	1	52	271	22	3	0	15000
110	13	2	1	2	1	2	52	271	22	3	0	13000
168	734	3	1	2	1	2	14	427	23	3	0	18000
67	737	1	1	1	1	0	14	427	22	3	0	7800
110	13	2	1	2	1	0	52	271	22	3	0	11500
105	13	2	1	2	1	2	52	271	22	2	0	12000
47	1006	1	1	1	1	1	45	612	22	3	0	5500
98	993	2	2	1	1	1	42	305	16	3	0	12500
245	1189	4	2	2	1	1	42	305	16	3	0	20000
127	345	3	1	1	1	1	161	193	23	3	0	19600
53	384	1	1	1	1	1	161	193	29	2	0	6500
118	374	2	2	2	1	1	161	193	23	3	0	15000
96	725	2	1	1	1	2	175	481	23	3	0	13500
224	443	4	2	3	1	1	175	481	23	3	0	38000
9	950	4	1	1	2	0	46	473	0	19	1	2830
270	13	4	3	3	1	0	129	352	23	3	0	40000
8	356	3	1	1	2	1	7	9	29	17	1	3230
14	419	4	1	1	2	1	7	9	29	17	1	4930
10	463	4	1	1	2	1	7	9	0	19	1	3590
91	1176	2	1	1	1	2	156	180	22	3	0	4300
56	861	1	1	1	1	2	121	633	29	2	0	7000
11	353	4	1	1	2	0	7	9	3	19	1	3690
146	463	3	1	2	1	1	7	9	3	3	0	16000
10	353	4	1	1	2	1	7	9	22	17	1	4060
180	26	3	2	2	1	0	7	9	15	3	0	33000
260	353	4	2	2	1	1	7	9	22	2	0	40000
141	308	3	1	2	1	1	7	9	32	2	0	16000
142	26	2	1	1	1	0	7	9	29	3	0	25000
183	308	3	1	2	1	0	7	9	34	3	0	21000
85	353	1	1	1	1	2	7	9	29	2	0	12000
225	157	4	1	1	1	1	7	9	32	2	0	38000
256	419	3	1	4	1	0	7	9	29	2	0	41000
198	353	3	1	3	1	2	7	9	29	3	0	32000
269	26	3	2	2	1	1	7	9	16	3	0	33500
104	356	2	1	2	1	2	7	9	3	2	0	13000
232	13	9	4	5	1	0	129	352	23	3	0	48000
283	13	9	5	4	1	0	129	352	23	3	0	60000
284	13	9	5	4	1	0	129	352	23	2	0	55000
102	755	2	1	1	0	0	46	473	23	0	0	7500
103	660	3	1	1	1	1	46	473	23	3	0	8500
151	443	3	1	2	1	0	175	481	23	3	0	25000
128	493	3	2	2	1	1	175	481	11	3	0	22000
151	443	3	1	2	1	1	175	481	23	3	0	28000
38	369	1	0	1	1	1	14	414	0	3	0	5300
98	378	2	1	1	1	1	14	414	34	3	0	9400
9	606	3	1	1	2	2	131	712	3	17	1	3560
45	514	1	0	1	1	1	131	712	34	3	0	9000
46	514	1	0	1	1	1	131	712	22	3	0	6800
141	350	3	2	2	0	0	58	410	23	0	0	8500
256	319	5	3	3	0	2	58	410	23	0	0	15000
8	1194	3	1	1	2	0	148	182	22	20	1	1890
70	1082	2	1	1	1	2	148	182	22	8	1	5030
63	1068	2	1	1	1	2	148	182	22	8	1	5090
140	310	3	2	2	1	1	58	410	23	2	0	7700
115	163	3	2	1	0	1	58	410	23	0	0	6700
81	862	2	1	1	0	1	85	486	23	0	0	2800
82	835	2	1	1	1	0	89	87	23	3	0	7300
201	762	4	2	3	1	0	4	429	23	3	0	26000
47	15	1	1	1	1	1	110	135	16	2	0	5800
71	15	3	1	1	1	2	110	135	23	2	0	8500
69	15	3	1	1	1	1	110	135	23	3	0	8500
205	960	5	2	3	1	0	4	429	23	2	0	30000
65	1159	2	1	1	1	2	27	318	32	2	0	6500
11	936	4	1	1	2	1	17	689	22	17	1	2830
87	10	2	1	1	1	3	122	534	16	3	0	7300
136	10	3	2	2	1	1	17	689	23	3	0	10000
8	627	3	1	1	2	2	140	450	22	19	1	1630
9	627	3	1	1	2	2	140	450	22	19	1	1730
7	627	3	1	1	2	2	140	450	22	20	1	1530
10	707	3	1	1	2	2	140	450	22	19	1	1530
10	744	3	1	1	2	1	140	450	22	19	1	1630
8	744	3	1	1	2	1	140	450	22	20	1	1460
7	744	3	1	1	2	1	140	450	22	20	1	1330
7	747	3	1	1	2	1	140	450	22	20	1	1460
8	747	3	1	1	2	1	140	450	22	20	1	1530
11	629	3	1	1	2	2	140	450	22	19	1	1490
12	629	3	1	1	2	2	140	450	22	22	1	1590
9	810	3	1	1	2	0	140	450	0	20	1	1560
8	747	3	1	1	2	0	140	450	22	19	1	1430
9	810	3	1	1	2	0	140	450	0	19	1	1630
7	810	3	1	1	2	0	140	450	0	20	1	1330
10	810	3	1	1	2	0	140	450	22	19	1	1630
9	785	3	1	1	2	2	140	450	0	20	1	1530
7	785	3	1	1	2	2	140	450	0	20	1	1460
9	747	3	1	1	2	1	140	450	22	19	1	1660
19	629	3	1	1	2	2	140	450	0	19	1	1790
9	810	3	1	1	2	0	140	450	22	19	1	1660
7	747	3	1	1	2	0	140	450	22	20	1	1330
63	831	2	1	1	1	1	140	450	23	2	0	2800
95	14	2	1	1	1	2	22	202	15	2	0	7600
355	824	7	2	5	1	0	58	146	8	3	0	35000
186	319	5	3	3	0	1	58	146	22	0	0	14000
57	925	2	1	1	1	1	125	537	15	3	0	6500
71	1084	2	1	1	1	2	125	537	11	3	0	6200
231	739	3	2	3	1	0	58	146	10	3	0	25000
89	760	2	1	1	1	1	63	236	22	2	0	5100
18	1017	4	1	1	2	0	179	624	22	21	1	3290
98	13	2	2	1	1	0	126	83	23	3	0	15000
67	13	1	2	1	1	0	126	83	23	3	0	9500
13	268	3	1	1	2	1	98	374	22	22	1	3190
10	422	3	1	1	2	2	59	719	22	22	1	1690
55	467	2	1	1	1	0	59	719	3	8	1	4230
72	98	2	1	1	0	0	59	719	11	0	0	4800
14	909	3	1	1	2	1	98	374	22	21	1	3530
205	1000	5	1	3	1	1	34	323	11	2	0	35000
200	957	4	0	2	1	1	34	323	3	3	0	30000
195	1000	3	1	2	1	2	34	323	3	3	0	32000
161	957	3	1	2	1	1	34	323	11	3	0	26000
58	957	1	1	1	1	0	34	323	3	3	0	10000
12	909	3	1	1	2	2	98	374	22	17	1	2930
12	909	4	1	1	2	2	98	374	0	19	1	2860
148	722	3	2	2	1	0	98	374	23	3	0	13500
100	268	2	1	1	1	0	98	374	15	3	0	8000
100	268	2	1	1	1	1	98	374	32	2	0	7800
10	1112	4	1	1	2	2	179	624	0	19	1	2490
71	1053	1	1	1	1	1	26	32	11	3	0	5500
183	820	3	1	2	1	2	14	502	26	3	0	19000
95	1129	2	1	1	0	0	14	502	16	0	0	10500
65	416	2	1	2	1	1	14	502	29	3	0	13000
85	14	1	1	1	1	1	102	528	11	3	0	5600
72	10	1	1	1	1	0	49	524	32	25	1	8230
89	727	2	1	1	1	1	6	403	22	7	1	6000
77	513	2	1	1	1	0	162	655	29	8	1	8030
18	886	4	1	1	2	0	162	655	22	21	1	3460
64	513	1	0	1	1	1	162	655	29	3	0	5100
57	513	1	0	1	1	2	162	655	29	3	0	5700
148	886	3	1	2	1	1	162	655	23	3	0	15000
93	327	2	1	2	1	2	162	655	11	3	0	9500
43	672	1	0	1	1	0	162	655	0	2	0	4800
51	513	1	0	1	1	1	162	655	22	2	0	4800
88	586	2	1	1	0	2	6	403	22	0	0	6500
89	618	2	1	1	1	0	6	403	22	3	0	6500
88	586	2	1	1	1	0	6	403	22	2	0	6500
57	10	1	1	1	1	1	49	524	29	8	1	8590
71	10	1	1	1	1	0	49	524	34	3	0	9000
364	914	6	2	4	1	0	14	502	23	3	0	30000
250	869	3	2	4	1	0	14	502	23	3	0	27000
86	1129	2	1	1	1	1	14	502	15	2	0	10000
68	997	1	1	1	1	2	26	32	11	3	0	5500
66	1063	2	1	1	0	2	66	413	23	0	0	7000
161	10	3	2	2	1	2	119	90	23	3	0	15000
7	10	3	1	1	2	0	56	593	32	20	1	2590
147	15	3	2	1	0	0	110	453	23	0	0	13000
38	498	1	1	1	1	2	8	19	16	24	1	5730
37	348	1	1	1	1	1	100	399	22	2	0	4500
10	775	3	1	1	2	0	8	19	22	21	1	3290
8	746	2	1	1	2	1	8	19	0	15	1	2990
60	562	2	1	1	1	1	8	19	23	3	0	8000
92	115	1	1	1	1	1	12	351	29	3	0	11000
93	347	2	2	1	1	2	12	351	7	3	0	7300
57	567	2	1	1	1	2	8	19	11	2	0	6800
109	819	3	1	1	1	2	87	679	23	3	0	6300
15	1004	3	1	1	2	0	153	259	22	21	1	2330
81	859	2	1	1	1	2	162	563	3	8	1	8390
16	514	4	1	1	2	2	13	540	22	21	1	2790
144	1107	3	1	2	1	0	29	262	23	3	0	15200
144	1107	3	2	2	1	0	29	262	23	3	0	16000
14	13	4	1	1	2	0	53	196	22	21	1	3890
153	13	3	1	2	1	2	53	196	23	3	0	17000
306	14	4	2	3	1	1	52	99	35	3	0	26000
329	14	6	3	4	1	2	52	99	23	3	0	40000
96	870	2	1	1	1	1	153	259	22	8	1	5630
10	927	6	1	1	2	2	98	638	0	20	1	2530
10	927	4	1	1	2	0	98	638	0	20	1	2590
15	1004	3	1	1	2	1	153	259	22	21	1	2260
99	862	2	2	1	0	2	153	259	16	0	0	5200
11	1139	3	1	1	2	2	153	259	0	15	1	1990
65	1004	1	1	1	1	1	153	259	23	3	0	3900
75	964	2	1	1	1	1	153	259	23	3	0	4800
93	974	2	1	1	1	0	153	259	23	2	0	4600
147	14	3	2	2	1	1	11	576	23	3	0	15500
87	14	2	1	1	1	1	11	576	29	3	0	9600
192	10	3	2	2	0	1	11	576	24	0	0	17000
249	670	6	1	2	1	2	33	274	23	3	0	75000
77	1177	2	1	1	1	2	63	602	22	8	1	5560
10	581	3	1	1	2	2	140	452	0	19	1	1530
88	460	2	2	2	0	2	173	647	23	0	0	9500
7	588	3	1	1	2	1	140	452	3	20	1	1330
58	1097	2	1	1	1	1	47	119	23	4	0	4900
7	494	3	1	1	2	1	140	452	3	20	1	1460
7	581	3	1	1	2	2	140	452	0	20	1	1330
8	542	3	1	1	2	0	140	452	29	20	1	1330
10	542	3	1	1	2	0	140	452	22	19	1	1530
10	494	3	1	1	2	1	140	452	22	19	1	1730
8	494	3	1	1	2	1	140	452	3	20	1	1630
10	723	3	1	1	2	1	140	452	0	19	1	1530
10	455	3	1	1	2	0	140	452	3	19	1	1560
11	407	2	1	1	2	1	62	356	3	21	1	2790
10	375	3	1	1	2	1	62	356	3	19	1	1590
85	386	2	1	1	1	1	62	356	29	8	1	5430
10	433	3	1	1	2	1	62	356	29	20	1	1890
22	466	4	1	1	2	2	62	356	22	21	1	2690
86	433	2	1	1	1	2	62	356	29	8	1	5390
86	386	2	1	1	1	2	62	356	3	8	1	5290
10	407	2	1	1	2	1	62	356	29	20	1	2290
8	589	3	1	1	2	1	62	356	0	20	1	2260
11	589	3	1	1	2	1	62	356	22	21	1	2590
11	433	2	1	1	2	0	62	356	29	20	1	2460
11	352	4	1	1	2	0	62	356	0	20	1	1730
86	407	2	1	1	0	0	62	356	11	0	0	4500
169	393	4	1	2	0	2	62	356	8	0	0	7000
99	355	3	1	1	0	1	62	356	23	0	0	5200
11	455	3	1	1	2	0	140	452	29	22	1	1660
6	432	3	1	1	2	0	140	452	0	20	1	1360
10	432	3	1	1	2	0	140	452	0	19	1	1460
11	588	3	1	1	2	1	140	452	29	19	1	1630
6	455	3	1	1	2	0	140	452	3	20	1	1430
11	723	3	1	1	2	1	140	452	22	19	1	1690
7	723	3	1	1	2	1	140	452	0	20	1	1430
7	328	3	1	1	2	2	140	452	0	20	1	1360
10	328	3	1	1	2	2	140	452	22	22	1	1560
10	401	3	1	1	2	0	140	452	0	19	1	1590
10	401	3	1	1	2	0	140	452	22	22	1	1690
9	328	3	1	1	2	2	140	452	0	19	1	1460
8	401	3	1	1	2	0	140	452	0	20	1	1460
11	432	3	1	1	2	0	140	452	22	22	1	1660
10	581	3	1	1	2	2	140	452	22	19	1	1630
65	401	2	1	1	0	2	140	452	23	0	0	3000
214	670	3	1	3	1	2	33	274	10	3	0	85000
152	696	2	1	2	1	1	33	274	23	3	0	18000
164	670	3	1	2	1	2	33	274	1	3	0	25000
92	696	1	1	1	1	0	33	274	22	3	0	9900
11	1179	3	1	1	2	2	106	383	22	22	1	2590
6	1084	4	1	1	2	0	106	383	29	17	1	1990
72	990	2	1	1	1	1	26	313	29	8	1	6390
8	10	3	1	1	2	0	137	273	0	17	1	3390
14	381	3	1	1	2	2	60	415	32	22	1	2190
133	381	3	1	1	1	2	60	415	16	2	0	10000
127	381	2	1	1	1	0	60	415	3	2	0	7500
22	16	4	1	1	2	1	128	30	22	15	1	4360
11	16	4	1	1	2	1	128	30	22	17	1	3290
23	16	4	1	1	2	0	128	30	22	21	1	3860
45	381	1	0	1	1	2	60	415	29	2	0	3500
156	1129	3	1	2	1	1	9	21	23	3	0	14600
14	10	3	1	1	2	2	137	273	3	17	1	4390
108	990	3	1	1	1	2	26	313	15	3	0	6500
13	990	3	1	1	2	1	106	383	22	22	1	2660
58	1176	2	1	1	1	1	106	383	22	8	1	5990
68	869	2	1	1	1	2	106	383	23	2	0	4700
60	962	2	1	1	1	0	106	383	25	2	0	4600
58	999	2	1	1	0	0	106	383	22	0	0	4800
49	788	1	1	1	0	2	106	383	29	0	0	3800
81	1179	3	1	1	1	1	106	383	23	3	0	6000
67	443	2	1	1	1	2	174	587	23	3	0	8000
9	544	3	1	1	2	0	174	587	0	20	1	3390
54	852	2	1	1	1	0	167	561	29	3	0	6700
65	879	2	1	1	1	0	167	561	4	2	0	7500
60	547	2	1	1	1	0	174	587	29	8	1	8090
80	416	2	1	1	1	1	28	220	22	8	1	9090
139	483	3	2	2	1	2	18	150	34	3	0	13800
136	943	3	1	2	1	0	18	150	23	0	0	14000
77	609	1	1	1	1	0	150	101	0	8	1	4660
41	1003	1	1	1	1	0	60	174	22	8	1	4390
5	1067	3	1	1	2	0	60	174	29	20	1	1760
61	842	2	1	1	1	1	60	174	22	8	1	4490
43	1192	1	1	1	1	1	60	174	22	8	1	4090
53	929	2	1	1	1	1	60	174	22	8	1	4290
59	1160	2	1	1	1	0	60	174	22	8	1	4690
135	943	3	2	2	1	0	18	150	23	3	0	13500
95	486	2	1	1	1	1	18	150	3	0	0	10000
67	443	2	1	1	1	1	174	587	23	2	0	8000
92	382	3	1	1	1	1	174	587	23	3	0	14000
42	274	1	1	1	1	0	123	566	22	3	0	4800
9	448	3	1	1	2	1	140	451	22	19	1	1630
11	450	3	1	1	2	2	140	451	22	22	1	1430
83	10	2	1	1	1	0	107	650	23	2	0	8500
144	381	2	1	2	1	1	32	361	16	2	0	13000
15	15	4	1	1	2	1	54	616	29	21	1	3890
6	15	3	1	1	2	0	38	382	0	17	1	2390
11	14	3	1	1	2	0	15	496	22	22	1	3390
99	14	2	1	1	1	1	15	496	16	3	0	8500
131	14	2	1	1	1	1	52	67	32	2	0	16800
78	14	2	1	1	1	2	52	67	29	8	1	9170
14	15	3	1	1	2	2	38	382	22	22	1	3860
70	1082	2	1	1	1	1	38	382	11	2	0	6800
14	15	2	1	1	2	2	38	382	29	22	1	3890
41	15	1	1	1	0	2	38	382	22	0	0	6000
141	326	2	2	2	1	1	32	361	34	2	0	12000
11	10	3	1	1	2	1	107	650	22	19	1	2560
62	10	2	1	1	1	2	107	650	22	8	1	6390
77	10	2	1	1	0	0	107	650	22	0	0	5500
11	422	3	1	1	2	1	140	451	0	19	1	1460
9	422	3	1	1	2	1	140	451	22	19	1	1730
8	406	3	1	1	2	0	140	451	29	20	1	1490
11	406	3	1	1	2	0	140	451	3	22	1	1560
10	461	3	1	1	2	2	140	451	29	19	1	1390
490	757	5	2	3	1	0	46	172	14	3	0	250000
262	472	5	2	3	1	0	0	210	23	3	0	17000
12	10	2	1	1	2	2	40	389	22	12	1	3290
45	744	1	1	1	1	1	92	142	22	3	0	5000
69	670	2	1	1	0	1	19	106	22	0	0	4300
173	10	4	2	2	1	1	46	218	23	3	0	17000
124	10	3	2	2	1	2	46	218	23	3	0	14500
138	10	3	1	2	1	0	46	218	23	3	0	15000
99	10	2	2	1	1	0	46	218	22	3	0	14000
137	10	3	2	2	1	2	46	218	23	3	0	15500
12	167	3	1	1	2	1	98	153	22	22	1	2890
12	272	3	1	1	2	1	98	153	22	17	1	2890
90	118	2	1	1	0	1	98	153	22	0	0	6800
125	118	3	2	2	1	0	98	153	23	3	0	9500
14	10	3	1	1	2	2	137	215	0	19	1	4390
125	541	2	1	1	1	0	23	77	3	8	1	9790
90	821	2	1	1	1	1	23	77	3	3	0	8500
55	13	2	1	1	0	2	28	705	23	0	0	6400
248	471	4	1	2	1	1	18	454	26	2	0	41500
41	14	1	0	1	0	2	103	464	0	0	0	4800
11	15	5	1	1	2	1	55	461	29	15	1	2990
62	10	1	1	1	1	1	89	70	23	3	0	6000
52	532	1	1	1	1	1	150	591	29	8	1	4390
263	589	3	2	2	1	0	163	255	23	3	0	70000
97	207	2	1	1	1	2	150	591	34	8	1	5990
64	500	1	1	1	1	1	150	591	0	8	1	4730
12	327	3	1	1	2	1	150	591	22	22	1	2390
52	532	1	0	1	1	2	150	591	29	2	0	3600
61	625	1	1	1	1	0	150	591	0	8	1	4690
18	591	3	1	1	2	1	150	591	22	22	1	2790
12	591	3	1	1	2	1	150	591	0	19	1	2190
59	363	1	1	1	1	1	150	591	34	2	0	3300
90	449	2	1	1	1	2	150	591	23	3	0	5300
14	390	2	1	1	2	2	139	401	22	22	1	3990
75	621	2	1	1	1	1	72	372	11	3	0	8600
124	593	2	1	2	0	0	18	696	23	0	0	13000
79	841	1	1	1	1	0	33	366	0	8	1	8860
13	1070	3	1	1	2	1	154	2	22	22	1	2230
67	444	2	1	1	1	1	28	219	23	3	0	9000
105	510	3	2	1	1	0	28	219	11	2	0	13000
60	72	2	1	1	0	1	28	219	16	0	0	6800
61	923	1	1	1	1	2	33	366	29	8	1	8190
75	859	1	1	1	1	1	33	366	22	8	1	8360
83	859	1	1	1	1	0	33	366	3	8	1	8390
61	841	1	1	1	1	0	157	551	29	8	1	7890
158	297	3	1	2	1	1	18	696	22	3	0	22000
110	297	2	1	1	0	2	18	696	0	0	0	13500
123	498	2	1	2	1	1	18	696	0	3	0	13000
165	879	3	2	2	0	1	18	696	22	0	0	19500
180	879	3	2	2	1	1	18	696	22	3	0	18000
220	356	4	1	3	1	2	18	696	34	3	0	22000
72	639	3	1	1	1	2	177	161	34	3	0	13500
13	10	3	1	1	2	1	137	272	22	22	1	4060
17	14	3	1	1	2	1	102	278	0	20	1	2830
60	10	1	1	1	1	0	46	395	0	3	0	8300
55	10	1	0	1	1	0	46	395	0	3	0	7200
12	999	3	1	1	2	1	143	402	22	15	1	2690
96	938	2	1	1	1	2	46	395	22	3	0	11000
287	16	4	2	3	1	1	128	555	23	3	0	28000
129	391	3	2	2	1	2	57	667	22	3	0	10000
8	14	3	1	1	2	0	102	278	0	20	1	2190
89	14	2	1	1	1	1	102	278	22	2	0	5800
18	14	4	1	1	2	1	102	278	22	22	1	2990
73	639	2	1	1	1	1	65	62	22	8	1	4790
11	639	3	1	1	2	1	65	62	0	19	1	1830
9	896	3	1	1	2	1	47	307	3	21	1	2260
14	715	4	1	1	2	2	56	207	29	16	1	5190
10	1058	3	1	1	2	0	44	133	22	17	1	2790
120	407	2	2	1	1	1	178	204	32	3	0	10000
18	1058	3	1	1	2	0	44	133	3	17	1	3260
118	715	2	1	2	1	1	56	207	34	2	0	12500
107	715	2	2	2	1	0	56	207	3	2	0	13000
6	896	3	1	1	2	2	47	307	22	17	1	1960
72	947	2	1	1	1	1	47	307	15	3	0	5200
88	1188	2	1	1	1	0	47	307	23	3	0	5800
58	819	2	1	1	1	2	65	62	3	8	1	4560
8	15	4	1	1	2	0	52	443	29	20	1	2960
8	873	3	1	1	2	1	65	62	3	19	1	1830
9	873	3	1	1	2	1	65	62	3	22	1	2090
63	743	2	1	1	1	1	65	62	22	8	1	4690
60	1188	2	1	1	1	1	65	62	22	8	1	4730
58	752	2	1	1	1	2	65	62	23	3	0	4600
56	14	1	1	1	1	0	102	278	22	3	0	4600
68	14	2	1	1	0	0	102	278	32	0	0	4800
76	114	2	0	1	1	0	18	300	22	3	0	14000
90	14	2	1	1	1	1	52	681	22	3	0	13500
152	14	3	2	2	1	0	39	416	23	3	0	23000
74	488	2	1	1	1	1	120	683	34	3	0	9500
75	10	3	1	1	1	2	120	683	16	3	0	11500
51	245	1	1	1	1	1	120	683	22	3	0	7500
68	10	3	1	1	0	2	165	363	15	0	0	9500
8	626	4	1	1	2	1	62	35	0	5	1	1890
9	10	4	1	1	2	2	108	326	3	19	1	2290
61	10	1	0	1	1	0	98	565	29	8	1	5060
193	10	5	2	2	1	2	108	326	22	2	0	13500
8	356	4	1	1	2	1	62	35	0	1	1	1830
67	374	2	1	1	1	0	75	201	23	2	0	6500
58	15	1	1	1	1	1	52	378	16	3	0	6500
8	498	3	1	1	2	0	62	35	0	5	1	2560
11	586	2	1	1	2	2	62	35	22	5	1	2860
8	626	4	1	1	2	0	62	35	0	1	1	1690
8	1049	4	1	1	2	2	62	35	0	1	1	1830
8	626	4	1	1	2	0	62	35	0	5	1	1890
11	728	2	1	1	2	2	62	35	22	5	1	2190
8	493	4	1	1	2	0	62	35	0	1	1	1760
7	493	4	1	1	2	0	62	35	0	1	1	1760
8	356	4	1	1	2	1	62	35	0	1	1	1790
8	728	4	1	1	2	1	62	35	0	5	1	1890
8	626	3	1	1	2	2	62	35	0	5	1	1890
16	626	3	1	1	2	2	62	35	0	6	1	2690
13	630	4	1	1	2	0	62	35	22	6	1	2890
10	498	5	1	1	2	2	62	35	29	19	1	1960
11	728	2	1	1	2	1	62	35	22	5	1	2630
13	728	2	1	1	2	1	62	35	22	6	1	3060
8	1049	4	1	1	2	2	62	35	0	5	1	2090
96	673	3	1	1	0	0	62	35	23	0	0	5500
96	728	4	1	2	1	0	62	35	23	2	0	5000
8	728	4	1	1	2	1	62	35	0	1	1	1890
56	10	1	1	1	1	2	107	533	16	8	1	6130
8	1121	3	1	1	2	0	65	672	22	20	1	1830
75	1045	2	1	1	1	0	65	672	22	8	1	4990
65	908	2	1	1	1	2	65	672	22	8	1	4990
76	835	2	1	1	1	1	65	672	23	3	0	4500
12	1007	3	1	1	2	2	48	518	22	20	1	3190
78	14	3	1	1	1	1	39	671	34	2	0	9500
36	394	1	1	1	1	0	98	716	29	8	1	4960
57	307	3	1	1	1	1	136	43	23	2	0	8200
14	10	2	1	1	2	0	122	536	22	17	1	4360
62	315	2	1	1	1	1	98	716	3	3	0	5600
36	315	1	1	1	1	0	98	716	29	3	0	4200
37	394	1	0	1	1	0	98	716	3	2	0	4200
38	14	1	1	1	1	3	39	671	23	2	0	6000
11	1112	4	1	1	2	0	48	518	22	19	1	3190
105	539	3	1	2	1	1	48	518	23	3	0	9500
44	14	1	0	1	1	1	52	105	22	3	0	5500
9	1027	2	1	1	2	1	142	335	22	19	1	2490
50	1101	2	1	1	1	1	170	507	22	3	0	7000
8	971	3	1	1	2	1	169	73	22	19	1	2990
54	914	1	1	1	1	0	169	73	0	2	0	5500
20	731	3	1	1	2	1	179	206	22	21	1	2890
9	713	3	1	1	2	1	179	206	0	20	1	2290
132	385	2	1	1	1	0	18	522	23	3	0	50000
13	1105	2	1	1	2	1	144	291	3	22	1	3060
89	723	2	1	1	1	2	144	291	19	2	0	5300
15	395	4	1	1	2	2	5	510	22	19	1	3290
16	545	4	1	1	2	0	5	510	22	22	1	3260
147	385	2	2	2	1	0	18	522	15	3	0	13000
10	713	3	1	1	2	1	179	206	22	19	1	2690
10	713	3	1	1	2	1	179	206	22	22	1	2590
72	914	2	1	1	1	1	169	73	29	2	0	7500
66	971	2	1	1	0	2	169	73	34	0	0	7200
59	914	1	1	1	0	0	169	73	29	0	0	5500
44	994	1	1	1	0	0	142	335	23	2	0	4000
59	1072	2	1	1	0	2	142	335	23	0	0	6000
454	203	5	3	3	1	3	139	701	23	3	0	135000
136	14	3	1	2	1	2	36	152	34	3	0	15000
13	497	3	1	1	2	0	65	471	22	19	1	2290
8	517	4	1	1	2	2	65	471	0	19	1	2060
62	447	2	0	1	1	1	65	471	2	2	0	4200
230	159	3	2	3	1	2	139	701	23	3	0	36000
183	72	3	2	2	1	2	139	701	34	3	0	26000
7	642	3	1	1	2	1	62	669	29	20	1	1690
10	936	3	1	1	2	2	62	669	0	20	1	2190
10	898	3	1	1	2	1	62	669	22	20	1	1790
12	995	3	1	1	2	1	62	669	22	20	1	2190
10	811	3	1	1	2	2	62	669	22	20	1	1930
59	1183	2	1	1	1	2	166	491	29	8	1	6190
360	1074	5	2	3	1	1	72	100	23	3	0	62000
182	1054	3	1	2	1	0	72	100	30	3	0	36000
13	227	4	1	1	2	2	147	501	22	21	1	3390
11	115	4	1	1	2	1	147	501	22	19	1	2760
9	596	3	1	1	2	1	174	586	29	20	1	3390
13	355	6	1	1	2	2	147	501	22	19	1	2290
82	16	3	2	2	1	2	128	428	11	2	0	9300
126	16	3	1	2	1	1	128	428	23	3	0	11500
16	115	4	1	1	2	1	147	501	22	21	1	3060
53	1126	1	1	1	1	0	166	491	23	2	0	4500
13	995	3	1	1	2	1	62	669	0	20	1	2290
7	811	3	1	1	2	2	62	669	3	20	1	1630
11	727	3	1	1	2	2	62	669	0	20	1	1930
77	642	2	1	1	1	1	62	669	22	8	1	4990
8	995	2	1	1	2	1	62	669	0	20	1	1990
10	642	3	1	1	2	1	62	669	22	20	1	1990
8	898	2	1	1	2	1	62	669	0	20	1	1990
10	898	2	1	1	2	1	62	669	22	20	1	2760
10	811	3	1	1	2	2	62	669	0	21	1	1960
10	995	2	1	1	2	1	62	669	22	20	1	2290
